0	57.4978733444
0.1	58.1476205502
0.2	58.7977915893
0.3	59.4499459334
0.4	60.1025689329
0.5	60.7572930401
0.6	61.4125365438
0.7	62.070007443
0.8	62.7280551983
0.9	63.388465335
1	64.049517424
1.1	64.7130757638
1.2	65.3773498426
1.3	66.0442830723
1.4	66.7120157298
1.5	67.3825695644
1.6	68.0540178102
1.7	68.7284584136
1.8	69.4039013089
1.9	70.0825168379
2	70.7622572819
2.1	71.4453595642
2.2	72.1297197392
2.3	72.8176212459
2.4	73.5068098002
2.5	74.1994037958
2.6	74.8932092436
2.7	75.5900210164
2.8	76.2879581334
2.9	76.9885102731
3	77.6900933614
3.1	78.3939171468
3.2	79.0986681331
3.3	79.8053024582
3.4	80.5127499355
3.5	81.2217402477
3.6	81.9314185154
3.7	82.6423157644
3.8	83.3537638673
3.9	84.0661234629
4	84.7788842293
4.1	85.4922650064
4.2	86.2058840862
4.3	86.9198472756
4.4	87.6338721779
4.5	88.3479803815
4.6	89.0619595128
4.7	89.7757756804
4.8	90.4892573829
4.9	91.2023437903
5	91.9148753807
5.1	92.6267926062
5.2	93.3379194151
5.3	94.048225314
5.4	94.7574897263
5.5	95.4657384004
5.6	96.1726938246
5.7	96.8784632057
5.8	97.5828039608
5.9	98.2859107487
6	98.9875144824
6.1	99.6878935679
6.2	100.386691904
6.3	101.084273458
6.4	101.780192577
6.5	102.474900946
6.6	103.167861006
6.7	103.859614564
6.8	104.549529556
6.9	105.238240543
7	105.92501814
7.1	106.610592486
7.2	107.294133878
7.3	107.976471019
7.4	108.656670735
7.5	109.335663414
7.6	110.012409136
7.7	110.687943193
7.8	111.361115557
7.9	112.033069699
8	112.702542086
8.1	113.370787654
8.2	114.036425965
8.3	114.700826679
8.4	115.362489106
8.5	116.022900796
8.6	116.680437576
8.7	117.336707903
8.8	117.989961061
8.9	118.641929219
9	119.2907323
9.1	119.938228702
9.2	120.582405478
9.3	121.225250002
9.4	121.864487507
9.5	122.502313512
9.6	123.135981105
9.7	123.76805655
9.8	124.395367912
9.9	125.020887191
10	125.641009918
10.1	126.259128377
10.2	126.871190865
10.3	127.48101993
10.4	128.084107175
10.5	128.68470928
10.6	129.277858631
10.7	129.868241921
10.8	130.450438805
10.9	131.029551597
11	131.599725223
11.1	132.166450211
11.2	132.723469297
11.3	133.276617483
11.4	133.819294084
11.5	134.357609846
11.6	134.884820223
11.7	135.40715055
11.8	135.917859274
11.9	136.423124522
12	136.916276927
12.1	137.403326232
12.2	137.877800847
12.3	138.345403032
12.4	138.800006536
12.5	139.246844884
12.6	139.68030817
12.7	140.104974853
12.8	140.515948925
12.9	140.916939078
13	141.303990779
13.1	141.679696198
13.2	142.041303778
13.3	142.390006221
13.4	142.724554763
13.5	143.044418837
13.6	143.350195533
13.7	143.639261146
13.8	143.914450459
13.9	144.170624808
14	144.413571826
14.1	144.635319235
14.2	144.845689396
14.3	145.034402813
14.4	145.213745882
14.5	145.371501335
14.6	145.521726875
14.7	145.650440525
14.8	145.77330502
14.9	145.874744099
15	145.971863073
15.1	146.04765586
15.2	146.120514698
15.3	146.17215961
15.4	146.22212321
15.5	146.250997063
15.6	146.279318445
15.7	146.286683964
15.8	146.294049483
15.9	146.28152457
16	146.268537199
16.1	146.237624641
16.2	146.205338706
16.3	146.156903066
16.4	146.106277335
16.5	146.04111531
16.6	145.97303372
16.7	145.89217963
16.8	145.807838662
16.9	145.712617772
17	145.613555653
17.1	145.505319982
17.2	145.393025066
17.3	145.273078902
17.4	145.148976633
17.5	145.018577112
17.6	144.884036702
17.7	144.744398593
17.8	144.600739465
17.9	144.453039861
18	144.301537884
18.1	144.146920819
18.2	143.988814354
18.3	143.828395342
18.4	143.664891131
18.5	143.499761645
18.6	143.332040559
18.7	143.163272445
18.8	142.992495128
18.9	142.82114202
19	142.648444597
19.1	142.47544067
19.2	142.301551683
19.3	142.12744942
19.4	141.952566675
19.5	141.777540529
19.6	141.601824209
19.7	141.426020559
19.8	141.249629709
19.9	141.073193973
20	140.896286719
20.1	140.719363532
20.2	140.542097295
20.3	140.364830684
20.4	140.187362393
20.5	140.009894103
20.6	139.832382258
20.7	139.654868567
20.8	139.477456811
20.9	139.300054309
21	139.122886035
21.1	138.945751461
21.2	138.768970363
21.3	138.592260818
21.4	138.416011064
21.5	138.239884228
21.6	138.064310633
21.7	137.888924974
21.8	137.714173178
21.9	137.539688174
22	137.365904814
22.1	137.192481167
22.2	137.019814057
22.3	136.847613908
22.4	136.676212216
22.5	136.505399373
22.6	136.335413799
22.7	136.166153954
22.8	135.997736913
22.9	135.830197868
23	135.663503673
23.1	135.497855569
23.2	135.333040613
23.3	135.169456159
23.4	135.006679104
23.5	134.845333814
23.6	134.684791124
23.7	134.525974926
23.8	134.368657984
23.9	134.215313222
24	134.064539295
24.1	133.922347956
24.2	133.783341652
24.3	133.658216668
24.4	133.536384012
24.5	133.434407251
24.6	133.335291596
24.7	133.262773715
24.8	133.192099248
24.9	133.155641417
25	133.119356826
25.1	133.125914801
25.2	133.132472775
25.3	133.187182566
25.4	133.244127843
25.5	133.352108044
25.6	133.465400653
25.7	133.628468899
25.8	133.800003728
25.9	134.019841859
26	134.25144651
26.1	134.530350875
26.2	134.824508693
26.3	135.165515479
26.4	135.525406053
26.5	135.932378095
26.6	136.361931963
26.7	136.839677573
26.8	137.343647161
26.9	137.898078144
27	138.482127671
27.1	139.120466562
27.2	139.791284603
27.3	140.521881081
27.4	141.286607553
27.5	142.111728198
27.6	142.967265308
27.7	143.878896322
27.8	144.81334838
27.9	145.79928176
28	146.800470955
28.1	147.8477148
28.2	148.903443072
28.3	149.998435741
28.4	151.097055001
28.5	152.225224303
28.6	153.355458654
28.7	154.501516979
28.8	155.648796643
28.9	156.80051488
29	157.950144185
29.1	159.095285055
29.2	160.232590124
29.3	161.359018543
29.4	162.472995439
29.5	163.575346846
29.6	164.665991218
29.7	165.749205061
29.8	166.822816162
29.9	167.892369503
30	168.95522778
30.1	170.016321264
30.2	171.074401593
30.3	172.132061467
30.4	173.191178883
30.5	174.250575227
30.6	175.314680448
30.7	176.378886907
30.8	177.443791028
30.9	178.507528892
31	179.5667973
31.1	180.622631724
31.2	181.669840631
31.3	182.710408611
31.4	183.739138984
31.5	184.757161426
31.6	185.760992662
31.7	186.749287087
31.8	187.721791121
31.9	188.673285863
32	189.608021808
32.1	190.515771978
32.2	191.406281396
32.3	192.263486913
32.4	193.103289797
32.5	193.903315714
32.6	194.685907288
32.7	195.422306649
32.8	196.141155065
32.9	196.807694479
33	197.456239513
33.1	198.046927587
33.2	198.618580402
33.3	199.12765013
33.4	199.615728763
33.5	200.035092108
33.6	200.429333758
33.7	200.741439888
33.8	201.019093501
33.9	201.208390187
34	201.353964836
34.1	201.426196595
34.2	201.454989291
34.3	201.425582575
34.4	201.354589611
34.5	201.238434352
34.6	201.08319539
34.7	200.893844227
34.8	200.66869928
34.9	200.418658788
35	200.136979903
35.1	199.837967333
35.2	199.512371302
35.3	199.175522418
35.4	198.817995378
35.5	198.453538292
35.6	198.074008795
35.7	197.690541768
35.8	197.29707175
35.9	196.902069273
36	196.502557059
36.1	196.103459794
36.2	195.705773709
36.3	195.31005263
36.4	194.922092757
36.5	194.537266174
36.6	194.167026827
36.7	193.800677757
36.8	193.456310323
36.9	193.116063132
37	192.80562103
37.1	192.498473862
37.2	192.225107862
37.3	191.953644479
37.4	191.716592975
37.5	191.479990749
37.6	191.278664505
37.7	191.07733826
37.8	190.910371589
37.9	190.744468512
38	190.611318108
38.1	190.480818563
38.2	190.38165196
38.3	190.286817002
38.4	190.222061104
38.5	190.163433564
38.6	190.133776156
38.7	190.112184546
38.8	190.118579475
38.9	190.135144746
39	190.178750478
39.1	190.234793002
39.2	190.315787147
39.3	190.410987309
39.4	190.528212242
39.5	190.660711377
39.6	190.812554869
39.7	190.980552288
39.8	191.165476471
39.9	191.367282278
40	191.583840494
40.1	191.817870255
40.2	192.064703001
40.3	192.329472778
40.4	192.605303958
40.5	192.899425681
40.6	193.20305917
40.7	193.525236328
40.8	193.855552813
40.9	194.204576465
41	194.560530578
41.1	194.935275654
41.2	195.315893365
41.3	195.715315256
41.4	196.119691542
41.5	196.542822971
41.6	196.970119744
41.7	197.416067896
41.8	197.865512195
41.9	198.333456115
42	198.804338447
42.1	199.293525864
42.2	199.785079311
42.3	200.293840517
42.4	200.80421334
42.5	201.328095276
42.6	201.852952492
42.7	202.387131471
42.8	202.921782529
42.9	203.461551598
43	204.001391697
43.1	204.542107996
43.2	205.082582856
43.3	205.619615251
43.4	206.156185452
43.5	206.684862266
43.6	207.212969708
43.7	207.728562764
43.8	208.243634747
43.9	208.741504507
44	209.239088179
44.1	209.714454225
44.2	210.189820272
44.3	210.637769515
44.4	211.085536114
44.5	211.50116948
44.6	211.915853266
44.7	212.293602791
44.8	212.669256541
44.9	213.00311139
45	213.333242762
45.1	213.618348536
45.2	213.89770447
45.3	214.137704995
45.4	214.370856985
45.5	214.572773152
45.6	214.767533286
45.7	214.938454915
45.8	215.102367269
45.9	215.249114083
46	215.389505938
46.1	215.518689332
46.2	215.642723478
46.3	215.760804879
46.4	215.875530115
46.5	215.988876548
46.6	216.101276942
46.7	216.216214838
46.8	216.333258282
46.9	216.456126527
47	216.584813116
47.1	216.722016291
47.2	216.869427057
47.3	217.027419242
47.4	217.200593844
47.5	217.3839866
47.6	217.584901253
47.7	217.793624439
47.8	218.018354531
47.9	218.248773933
48	218.4931955
48.1	218.741555681
48.2	219.001661418
48.3	219.264287382
48.4	219.53616394
48.5	219.809448127
48.6	220.089253729
48.7	220.36964272
48.8	220.653585044
48.9	220.937566145
49	221.221880435
49.1	221.505968329
49.2	221.786895668
49.3	222.0676193
49.4	222.341385416
49.5	222.615151531
49.6	222.878268141
49.7	223.141262943
49.8	223.391081279
49.9	223.640167466
50	223.873853456
50.1	224.105915833
50.2	224.320577135
50.3	224.532422773
50.4	224.725091987
50.5	224.913433825
50.6	225.081052322
50.7	225.242492305
50.8	225.381893562
50.9	225.512905202
51	225.620797466
51.1	225.717707697
51.2	225.790655804
51.3	225.849626013
51.4	225.884032163
51.5	225.901038269
51.6	225.893121569
51.7	225.863933002
51.8	225.80970753
51.9	225.729864967
52	225.625104913
52.1	225.489871659
52.2	225.329654845
52.3	225.132961673
52.4	224.910256136
52.5	224.642308494
52.6	224.346283906
52.7	223.992471229
52.8	223.609102333
52.9	223.154749871
53	222.671655859
53.1	222.110380757
53.2	221.519488791
53.3	220.842715512
53.4	220.132179187
53.5	219.326741492
53.6	218.478161885
53.7	217.525409714
53.8	216.51808531
53.9	215.411409409
54	214.254886319
54.1	213.037516745
54.2	211.787882345
54.3	210.513942644
54.4	209.23906921
54.5	207.963801152
54.6	206.733711789
54.7	205.512450312
54.8	204.395230197
54.9	203.291720122
55	202.332488776
55.1	201.392406109
55.2	200.58107334
55.3	199.790486165
55.4	199.103608658
55.5	198.435366312
55.6	197.853093856
55.7	197.285644797
55.8	196.79100384
55.9	196.306916871
56	195.885193305
56.1	195.470048853
56.2	195.108298952
56.3	194.749909344
56.4	194.437078105
56.5	194.125401533
56.6	193.856932595
56.7	193.588463657
56.8	193.363085285
56.9	193.138438347
57	192.95513909
57.1	192.774455514
57.2	192.633930227
57.3	192.497988475
57.4	192.401493385
57.5	192.311719917
57.6	192.261087939
57.7	192.219577304
57.8	192.21690962
57.9	192.226023079
58	192.270036454
58.1	192.327408865
58.2	192.41377273
58.3	192.513854861
58.4	192.637716778
58.5	192.775285425
58.6	192.932095461
58.7	193.10227389
58.8	193.287760985
58.9	193.485972432
59	193.696104316
59.1	193.918028459
59.2	194.148974021
59.3	194.390505943
59.4	194.638599527
59.5	194.89581071
59.6	195.157520818
59.7	195.426629679
59.8	195.698560688
59.9	195.975988766
60	196.254893994
60.1	196.537219217
60.2	196.819951757
60.3	197.103814255
60.4	197.387263786
60.5	197.669321661
60.6	197.950381887
60.7	198.227267992
60.8	198.502804475
60.9	198.771082848
61	199.037912
61.1	199.294127734
61.2	199.549247409
61.3	199.792191913
61.4	200.034604893
61.5	200.26547016
61.6	200.496286552
61.7	200.716285866
61.8	200.936285179
61.9	201.146891779
62	201.357149563
62.1	201.559378684
62.2	201.760939917
62.3	201.955692935
62.4	202.149531861
62.5	202.33765262
62.6	202.524680818
62.7	202.706962509
62.8	202.888036419
62.9	203.065227957
63	203.241155924
63.1	203.413899726
63.2	203.585352793
63.3	203.753896912
63.4	203.920998934
63.5	204.08533897
63.6	204.248025125
63.7	204.408094969
63.8	204.566287783
63.9	204.722010356
64	204.875619619
64.1	205.026906737
64.2	205.175829251
64.3	205.322581423
64.4	205.466700722
64.5	205.608806917
64.6	205.747992942
64.7	205.885330335
64.8	206.019439076
64.9	206.151872768
65	206.280745869
65.1	206.408128576
65.2	206.531592894
65.3	206.653764616
65.4	206.77163175
65.5	206.888419405
65.6	207.000485178
65.7	207.111702217
65.8	207.21774611
65.9	207.323192098
66	207.422976653
66.1	208.094454627
66.2	208.221391666
66.3	208.35528392
66.4	208.497108238
66.5	208.644069792
66.6	208.797585383
66.7	208.959612198
66.8	209.126886123
66.9	209.300381282
67	209.48311976
67.1	209.671284789
67.2	209.865372358
67.3	210.069340455
67.4	210.278696856
67.5	210.493439923
67.6	210.718332051
67.7	210.948602711
67.8	211.184214336
67.9	211.429417693
68	211.680546915
68.1	211.937048447
68.2	212.202688946
68.3	212.474907345
68.4	212.752607856
68.5	213.039076507
68.6	213.332906702
68.7	213.632410058
68.8	213.9403692
68.9	214.256636185
69	214.578852919
69.1	214.90924627
69.2	215.249092818
69.3	215.595231508
69.4	215.949223243
69.5	216.313161067
69.6	216.682716092
69.7	217.058362776
69.8	217.442660852
69.9	217.831361953
70	218.224396539
70.1	218.624423286
70.2	219.027736956
70.3	219.434193083
70.4	219.84523138
70.5	220.258719494
70.6	220.674178092
70.7	221.09213065
70.8	221.511421628
70.9	221.931522985
71	222.35234187
71.1	222.773101588
71.2	223.193516129
71.3	223.613173556
71.4	224.031076089
71.5	224.447475055
71.6	224.861934237
71.7	225.272632501
71.8	225.680658584
71.9	226.085844528
72	226.484940879
72.1	226.880328952
72.2	227.27202466
72.3	227.657584275
72.4	228.03974791
72.5	228.418931327
72.6	228.79373556
72.7	229.165717504
72.8	229.535555207
72.9	229.902527234
73	230.2674328
73.1	230.631008629
73.2	230.993011117
73.3	231.353881798
73.4	231.714223511
73.5	232.074080396
73.6	232.433920002
73.7	232.794025194
73.8	233.154543088
73.9	233.516343355
74	233.879204955
74.1	234.243194354
74.2	234.60996033
74.3	234.978591963
74.4	235.349136865
74.5	235.723663961
74.6	236.101125486
74.7	236.481323001
74.8	236.866504606
74.9	237.255928118
75	237.648900441
75.1	238.047548342
75.2	238.450509649
75.3	238.856134584
75.4	239.264705285
75.5	239.674868
75.6	240.085458035
75.7	240.496074129
75.8	240.905028721
75.9	241.312174848
76	241.716962803
76.1	242.116293745
76.2	242.511573768
76.3	242.902628926
76.4	243.283876103
76.5	243.658813775
76.6	244.027315654
76.7	244.382774624
76.8	244.728799236
76.9	245.066108518
77	245.387649546
77.1	245.696056203
77.2	245.993435275
77.3	246.272699452
77.4	246.534610338
77.5	246.783140868
77.6	247.011540088
77.7	247.217867023
77.8	247.408413382
77.9	247.577085669
78	247.71849434
78.1	247.841989302
78.2	247.942688359
78.3	248.015906523
78.4	248.073775754
78.5	248.114095801
78.6	248.130031686
78.7	248.132114015
78.8	248.119006065
78.9	248.079433272
79	248.024418202
79.1	247.953545714
79.2	247.850760025
79.3	247.729715977
79.4	247.590241024
79.5	247.413679949
79.6	247.213574049
79.7	246.99094113
79.8	246.725690805
79.9	246.43125425
80	246.111529637
80.1	245.750868188
80.2	245.358276073
80.3	244.940051738
80.4	244.483376905
80.5	243.989763974
80.6	243.468631061
80.7	242.910655262
80.8	242.307461345
80.9	241.673215194
81	241.004050897
81.1	240.287702951
81.2	239.551339011
81.3	238.796973969
81.4	238.02626873
81.5	237.254496935
81.6	236.485381162
81.7	235.727531743
81.8	234.994030408
81.9	234.283856574
82	233.603684364
82.1	232.982222321
82.2	232.401998811
82.3	231.863211267
82.4	231.392922766
82.5	230.958937181
82.6	230.557896256
82.7	230.205845455
82.8	229.885189189
82.9	229.588971186
83	229.327238368
83.1	229.090575113
83.2	228.871251907
83.3	228.675094651
83.4	228.496972269
83.5	228.329997002
83.6	228.176882787
83.7	228.034341782
83.8	227.897607476
83.9	227.767526891
84	227.645132735
84.1	227.527865324
84.2	227.41729214
84.3	227.316067388
84.4	227.22081658
84.5	227.1328168
84.6	227.056104248
84.7	226.986299846
84.8	226.924242761
84.9	226.875726915
85	226.835151697
85.1	226.802752944
85.2	226.786505481
85.3	226.77934147
85.4	226.781308849
85.5	226.80123912
85.6	226.832117535
85.7	226.873397299
85.8	226.934110691
85.9	227.008154659
86	227.09396479
86.1	227.200483238
86.2	227.322642999
86.3	227.457743389
86.4	227.614418185
86.5	227.78937709
86.6	227.97864214
86.7	228.190472259
86.8	228.423844752
86.9	228.673206894
87	228.946145551
87.1	229.244717336
87.2	229.561341192
87.3	229.902422075
87.4	230.274351437
87.5	230.66685498
87.6	231.084348113
87.7	231.539426013
87.8	232.018166573
87.9	232.521770293
88	233.071702784
88.1	233.647966813
88.2	234.250687525
88.3	234.896400961
88.4	235.571169507
88.5	236.271283523
88.6	237.007005301
88.7	237.776125615
88.8	238.569964476
88.9	239.39229533
89	240.253542235
89.1	241.139497594
89.2	242.050403179
89.3	243.000042228
89.4	243.978726753
89.5	244.983213364
89.6	246.018585862
89.7	247.093091473
89.8	248.193734995
89.9	249.318224841
90	250.463512083
90.1	251.608637085
90.2	252.744123702
90.3	253.863898102
90.4	254.935929928
90.5	255.962041379
90.6	256.938779337
90.7	257.842718791
90.8	258.648664749
90.9	259.379577293
91	260.02667208
91.1	260.531948943
91.2	260.950574379
91.3	261.279438781
91.4	261.423471726
91.5	261.455535544
91.6	261.372593301
91.7	261.037081346
91.8	260.558604054
91.9	259.945778201
92	259.176814129
92.1	258.345157033
92.2	257.482842838
92.3	256.614311689
92.4	255.780853473
92.5	254.975144599
92.6	254.200125532
92.7	253.482498595
92.8	252.802041179
92.9	252.159295805
93	251.586866334
93.1	251.067152953
93.2	250.595079852
93.3	250.202631503
93.4	249.883835097
93.5	249.623975111
93.6	249.453858261
93.7	249.378237688
93.8	249.362375923
93.9	249.420800097
94	249.542916095
94.1	249.697549192
94.2	249.887548282
94.3	250.103132305
94.4	250.325480537
94.5	250.552031747
94.6	250.765146834
94.7	250.965651543
94.8	251.15084083
94.9	251.305168245
95	251.439241451
95.1	251.552004865
95.2	251.618331046
95.3	251.655771215
95.4	251.663869019
95.5	251.609002637
95.6	251.514906147
95.7	251.383870529
95.8	251.190880225
95.9	250.959908122
96	250.696385899
96.1	250.382266382
96.2	250.031899209
96.3	249.653206563
96.4	249.23355963
96.5	248.779053994
96.6	248.299753099
96.7	247.787726185
96.8	247.241847356
96.9	246.674093902
97	246.080684363
97.1	245.454003972
97.2	244.807647572
97.3	244.141552847
97.4	243.439125247
97.5	242.715269769
97.6	241.969516052
97.7	241.187816475
97.8	240.376439695
97.9	239.539429364
98	238.668317895
98.1	237.75560152
98.2	236.812195071
98.3	235.836926349
98.4	234.806682671
98.5	233.736973295
98.6	232.627887463
98.7	231.469980426
98.8	230.247653701
98.9	228.975670797
99	227.652764054
99.1	226.269338041
99.2	224.832883246
99.3	223.363929713
99.4	221.868214842
99.5	220.351203482
99.6	218.822999783
99.7	217.297008038
99.8	215.779668861
99.9	214.277261933
100	212.811099228
100.1	211.382076206
100.2	209.989220635
100.3	208.632455722
100.4	207.323334095
100.5	206.047315413
100.6	204.800249539
100.7	203.580821284
100.8	202.401422478
100.9	201.245621507
101	200.112522592
101.1	199.005142436
101.2	197.926382538
101.3	196.866615825
101.4	195.825257162
101.5	194.809493844
101.6	193.812996789
101.7	192.832304823
101.8	191.869107776
101.9	190.927741573
102	189.999761139
102.1	189.084797302
102.2	188.188419091
102.3	187.305291025
102.4	186.433029345
102.5	185.573607652
102.6	184.728335688
102.7	183.892048886
102.8	183.064507998
102.9	182.25052454
103	181.444194992
103.1	180.644987589
103.2	179.85527923
103.3	179.073463217
103.4	178.297305253
103.5	177.527475821
103.6	176.765187568
103.7	176.007217207
103.8	175.253417594
103.9	174.505763423
104	173.761745092
104.1	173.021296331
104.2	172.286567982
104.3	171.55804261
104.4	170.834644063
104.5	170.117846336
104.6	169.410750465
104.7	168.710500744
104.8	168.017260078
104.9	167.337756511
105	166.667017411
105.1	166.005075513
105.2	165.357809521
105.3	164.723267075
105.4	164.099392747
105.5	163.490705247
105.6	162.899425851
105.7	162.320777027
105.8	161.757462572
105.9	161.216941414
106	160.691023833
106.1	160.180204938
106.2	159.697458555
106.3	159.230868698
106.4	158.7804823
106.5	158.359818569
106.6	157.959122476
106.7	157.576528674
106.8	157.224939476
106.9	156.898242563
107	156.591991251
107.1	156.318472342
107.2	156.075632856
107.3	155.856081806
107.4	155.6714125
107.5	155.524272076
107.6	155.403636154
107.7	155.319941502
107.8	155.276207158
107.9	155.256527394
108	155.266382687
108.1	155.3100267
108.2	155.372645909
108.3	155.45724536
108.4	155.569713865
108.5	155.696780561
108.6	155.839724082
108.7	156.004845658
108.8	156.180710853
108.9	156.367470707
109	156.570848509
109.1	156.781707411
109.2	156.999980812
109.3	157.230971554
109.4	157.468810157
109.5	157.713081306
109.6	157.968034864
109.7	158.229604594
109.8	158.496830982
109.9	158.772905562
110	159.055299781
110.1	159.342617314
110.2	159.637142671
110.3	159.93761814
110.4	160.242321628
110.5	160.552778372
110.6	160.868736094
110.7	161.18826002
110.8	161.512259805
110.9	161.841226163
111	162.173125787
111.1	162.508392286
111.2	162.8480005
111.3	163.189933311
111.4	163.534283894
111.5	163.882255805
111.6	164.231963378
111.7	164.583391079
111.8	164.938002728
111.9	165.295551652
112	165.656103819
112.1	166.023502176
112.2	166.397141299
112.3	166.776472875
112.4	167.166151836
112.5	167.566134191
112.6	167.974624787
112.7	168.396404043
112.8	168.83346831
112.9	169.282050295
113	169.746225325
113.1	170.23181154
113.2	170.732194401
113.3	171.249697827
113.4	171.79618889
113.5	172.361113115
113.6	172.9448618
113.7	173.564690937
113.8	174.208222557
113.9	174.874797278
114	175.579259591
114.1	176.312893297
114.2	177.065946756
114.3	177.83836609
114.4	178.618224888
114.5	179.396403155
114.6	180.169575989
114.7	180.918284372
114.8	181.643513202
114.9	182.34316173
115	182.987707874
115.1	183.582143138
115.2	184.13001551
115.3	184.601325065
115.4	184.988218132
115.5	185.309408556
115.6	185.538321659
115.7	185.664557806
115.8	185.728832493
115.9	185.717920344
116	185.615451467
116.1	185.459593114
116.2	185.240326662
116.3	184.93062707
116.4	184.568279018
116.5	184.146814177
116.6	183.628875415
116.7	183.0549186
116.8	182.423486131
116.9	181.684484806
117	180.877859392
117.1	180.0025434
117.2	179.021711751
117.3	177.937174328
117.4	176.761525661
117.5	175.486372194
117.6	174.053980992
117.7	172.514787779
117.8	170.879676029
117.9	169.156246605
118	167.348501142
118.1	165.471228897
118.2	163.55456916
118.3	161.61292279
118.4	159.661440358
118.5	157.715473748
118.6	155.803556908
118.7	153.93876716
118.8	152.123287226
118.9	150.355511629
119	148.631034954
119.1	146.956913911
119.2	145.316029204
119.3	143.70396911
119.4	142.117694897
119.5	140.557432006
119.6	139.019813306
119.7	137.496864471
119.8	135.98631614
119.9	134.486286209
120	132.995149151
120.1	131.50688788
120.2	130.019520576
120.3	128.53113938
120.4	127.038127293
120.5	125.547288569
120.6	124.063637707
120.7	122.591784829
120.8	121.145074486
120.9	119.729929314
121	118.347882977
121.1	117.002837347
121.2	115.715949473
121.3	114.49036968
121.4	113.316758692
121.5	112.194155435
121.6	111.139764626
121.7	110.125887116
121.8	109.146580051
121.9	108.205351936
122	107.301712114
122.1	106.420213189
122.2	105.559333174
122.3	104.726187282
122.4	103.906445144
122.5	103.098298421
122.6	102.303667424
122.7	101.522799318
122.8	100.753860564
122.9	100.00061728
123	99.2722496695
123.1	98.5619354589
123.2	97.8701913964
123.3	97.2164810227
123.4	96.587394827
123.5	95.9830906773
123.6	95.4222625095
123.7	94.8979829819
123.8	94.4048950423
123.9	93.9598592339
124	93.5652070867
124.1	93.2083742006
124.2	92.9038528966
124.3	92.6623208246
124.4	92.4600795574
124.5	92.3057676136
124.6	92.2120315084
124.7	92.1533545622
124.8	92.1352979765
124.9	92.1756487524
125	92.2485380731
125.1	92.357309967
125.2	92.5241100834
125.3	92.7225645791
125.4	92.953772764
125.5	93.2450571263
125.6	93.5686284125
125.7	93.9247266067
125.8	94.3400431041
125.9	94.7897044325
126	95.271917904
126.1	95.8082694153
126.2	96.3841107137
126.3	96.993721127
126.4	97.653157765
126.5	98.3609693743
126.6	99.1058593642
126.7	99.8959512082
126.8	100.748912698
126.9	101.644520165
127	102.583670541
127.1	103.587291353
127.2	104.634633837
127.3	105.719383168
127.4	106.844135406
127.5	108.016832073
127.6	109.218973873
127.7	110.449351956
127.8	111.711844187
127.9	113.004108601
128	114.316602145
128.1	115.647889956
128.2	117.000059251
128.3	118.367226268
128.4	119.742359846
128.5	121.122599505
128.6	122.503488264
128.7	123.877785196
128.8	125.24245489
128.9	126.594628326
129	127.924501394
129.1	129.226640255
129.2	130.502017889
129.3	131.748211772
129.4	132.947194693
129.5	134.100711988
129.6	135.212174913
129.7	136.279754303
129.8	137.268938708
129.9	138.205745901
130	139.089861889
130.1	139.900189963
130.2	140.631282965
130.3	141.302140827
130.4	141.902130307
130.5	142.394070979
130.6	142.818011138
130.7	143.167333457
130.8	143.374549131
130.9	143.488350291
131	143.487238988
131.1	143.246847425
131.2	142.832322571
131.3	142.215107952
131.4	141.122580395
131.5	139.731640393
131.6	139.02468435
131.7	137.558728277
131.8	136.07894801
131.9	134.63873443
132	133.285459324
132.1	132.085859287
132.2	131.05821189
132.3	130.154787258
132.4	129.367635212
132.5	128.719618739
132.6	128.217198725
132.7	127.824422979
132.8	127.539799592
132.9	127.418603504
133	127.396878721
133.1	127.464089461
133.2	127.640497844
133.3	127.927127486
133.4	128.290854222
133.5	128.731615046
133.6	129.292388769
133.7	129.93239008
133.8	130.646126922
133.9	131.437745988
134	132.316492376
134.1	133.247295336
134.2	134.225651435
134.3	135.248467339
134.4	136.315102864
134.5	137.403418268
134.6	138.507840582
134.7	139.622791036
134.8	140.743573101
134.9	141.865618448
135	142.98712634
135.1	144.10648268
135.2	145.220208228
135.3	146.325228915
135.4	147.420704077
135.5	148.504999346
135.6	149.574279966
135.7	150.622296087
135.8	151.65159821
135.9	152.662200168
136	153.653572854
136.1	154.625072098
136.2	155.586278402
136.3	156.539258575
136.4	157.485981085
136.5	158.429285729
136.6	159.373938719
136.7	160.321867584
136.8	161.275000475
136.9	162.241492734
137	163.220934535
137.1	164.215354004
137.2	165.226531973
137.3	166.255637572
137.4	167.276258785
137.5	168.276114258
137.6	169.243842229
137.7	170.137182724
137.8	170.950178056
137.9	171.677409002
138	172.311213742
138.1	172.776746561
138.2	173.147252345
138.3	173.432106103
138.4	173.621119165
138.5	173.721845718
138.6	173.76675121
138.7	173.758802638
138.8	173.6746339
138.9	173.546879065
139	173.377608746
139.1	173.155660554
139.2	172.882590246
139.3	172.572564807
139.4	172.22592041
139.5	171.822310867
139.6	171.382493492
139.7	170.907626874
139.8	170.39049571
139.9	169.826400739
140	169.23222226
140.1	168.609629877
140.2	167.952997814
140.3	167.271566427
140.4	166.572203901
140.5	165.856685401
140.6	165.122791964
140.7	164.379876252
140.8	163.630532447
140.9	162.876463397
141	162.119104245
141.1	161.360716754
141.2	160.601813401
141.3	159.843063447
141.4	159.086116742
141.5	158.331436523
141.6	157.579543621
141.7	156.831984398
141.8	156.090724167
141.9	155.355136251
142	154.625760375
142.1	153.905861269
142.2	153.196180848
142.3	152.494591168
142.4	151.800852345
142.5	151.1170298
142.6	150.439558696
142.7	149.767193752
142.8	149.099550631
142.9	148.437401727
143	147.777792214
143.1	147.120284515
143.2	146.464525175
143.3	145.809437684
143.4	145.153994556
143.5	144.497765973
143.6	143.839498284
143.7	143.178019872
143.8	142.513274203
143.9	141.844883977
144	141.170654133
144.1	140.493314865
144.2	139.813918773
144.3	139.133072564
144.4	138.452212026
144.5	137.772700689
144.6	137.095145475
144.7	136.420842711
144.8	135.752441978
144.9	135.089430988
145	134.432415405
145.1	133.784654708
145.2	133.147645053
145.3	132.520147868
145.4	131.902757471
145.5	131.302388574
145.6	130.716227284
145.7	130.143360155
145.8	129.585438567
145.9	129.04931451
146	128.528295371
146.1	128.022663394
146.2	127.538169101
146.3	127.075597791
146.4	126.630588067
146.5	126.203474387
146.6	125.806443482
146.7	125.430452665
146.8	125.075065634
146.9	124.746034651
147	124.449027142
147.1	124.17584559
147.2	123.92690939
147.3	123.716889479
147.4	123.532461073
147.5	123.369480837
147.6	123.230212173
147.7	123.114639657
147.8	123.012843856
147.9	122.923764138
148	122.850160933
148.1	122.784296702
148.2	122.723993196
148.3	122.668460285
148.4	122.614220741
148.5	122.558558918
148.6	122.500496092
148.7	122.434407336
148.8	122.35936659
148.9	122.274867657
149	122.176431929
149.1	122.057761911
149.2	121.924239828
149.3	121.775670954
149.4	121.604023553
149.5	121.416636232
149.6	121.214920973
149.7	120.995739111
149.8	120.756333818
149.9	120.502774738
150	120.235033233
150.1	119.945308451
150.2	119.639372691
150.3	119.318751004
150.4	118.980439791
150.5	118.619760223
150.6	118.243465976
150.7	117.85140385
150.8	117.435413278
150.9	117.000205244
151	116.548164397
151.1	116.076937404
151.2	115.578997396
151.3	115.062868516
151.4	114.528249856
151.5	113.967634511
151.6	113.382366717
151.7	112.776814806
151.8	112.150560871
151.9	111.490788519
152	110.807752955
152.1	110.101664635
152.2	109.369132966
152.3	108.600718289
152.4	107.806360161
152.5	106.985287908
152.6	106.131454413
152.7	105.238667874
152.8	104.315371279
152.9	103.360482824
153	102.367589668
153.1	101.328926756
153.2	100.253635146
153.3	99.1405801234
153.4	97.9879281856
153.5	96.7871804032
153.6	95.5579156337
153.7	94.3037608093
153.8	93.0285458784
153.9	91.7345793906
154	90.4293584048
154.1	89.1200871887
154.2	87.8108754366
154.3	86.5058213298
154.4	85.2138842876
154.5	83.9398938755
154.6	82.6868157992
154.7	81.4572119252
154.8	80.2551221124
154.9	79.0857911868
155	77.9409410469
155.1	76.8202684441
155.2	75.7234924972
155.3	74.6600210245
155.4	73.6212518259
155.5	72.6060009041
155.6	71.6141474934
155.7	70.6543128296
155.8	69.720865997
155.9	68.8110663494
156	67.9249075873
156.1	67.0720161778
156.2	66.2464033323
156.3	65.4452158621
156.4	64.668524793
156.5	63.9289844573
156.6	63.216527482
156.7	62.5294194968
156.8	61.8692977247
156.9	61.2467279226
157	60.6487518389
157.1	60.0751802323
157.2	59.5324006377
157.3	59.0220758138
157.4	58.5359935234
157.5	58.0740946569
157.6	57.6493472683
157.7	57.2518388984
157.8	56.8790823682
157.9	56.5356603313
158	56.2296546462
158.1	55.949541953
158.2	55.6954718661
158.3	55.4813933438
158.4	55.2992591044
158.5	55.1450833947
158.6	55.0245017803
158.7	54.9502012252
158.8	54.9095350959
158.9	54.9036657766
159	54.9564566056
159.1	55.0581326215
159.2	55.2052844425
159.3	55.4105904331
159.4	55.6962306774
159.5	56.0416541586
159.6	56.4484334309
159.7	56.9457866023
159.8	57.512988042
159.9	58.1411204039
160	58.8337268009
160.1	59.621413069
160.2	60.4736978643
160.3	61.3930843504
160.4	62.3877793416
160.5	63.4868890703
160.6	64.6643815281
160.7	65.9155776637
160.8	67.2324152141
160.9	68.6079097042
161	70.0116753597
161.1	71.4235060039
161.2	72.8283218981
161.3	74.211197649
161.4	75.5407311267
161.5	76.8008324744
161.6	77.9916584809
161.7	79.114936485
161.8	80.1707379897
161.9	81.157120335
162	82.0994091742
162.1	83.0021232694
162.2	83.8664866811
162.3	84.6911508338
162.4	85.4936930752
162.5	86.2771115317
162.6	87.0424271178
162.7	87.7949593513
162.8	88.5427216479
162.9	89.2881966036
163	90.0362494763
163.1	90.7937950883
163.2	91.5627757276
163.3	92.344463142
163.4	93.1392697922
163.5	93.9264814167
163.6	94.696690895
163.7	95.442331028
163.8	96.1314665825
163.9	96.7807294755
164	97.394178581
164.1	97.9703447821
164.2	98.4998466809
164.3	99.0006694728
164.4	99.4739397592
164.5	99.9127108761
164.6	100.320986619
164.7	100.707045908
164.8	101.071683113
164.9	101.404213695
165	101.718608754
165.1	102.015720718
165.2	102.291632319
165.3	102.547462762
165.4	102.789459154
165.5	103.01805199
165.6	103.225481814
165.7	103.419024371
165.8	103.598786463
165.9	103.759944676
166	103.900294487
166.1	104.024564667
166.2	104.132362568
166.3	104.210979539
166.4	104.269563391
166.5	104.308265901
166.6	104.319930454
166.7	104.304227888
166.8	104.269015546
166.9	104.214567623
167	104.129492488
167.1	104.026112043
167.2	103.904938399
167.3	103.760652216
167.4	103.593270597
167.5	103.408916912
167.6	103.207652349
167.7	102.978692232
167.8	102.732766059
167.9	102.470034985
168	102.185283522
168.1	101.877734036
168.2	101.553618327
168.3	101.213071173
168.4	100.847103487
168.5	100.464887158
168.6	100.067291418
168.7	99.651094184
168.8	99.2139514069
168.9	98.762070842
169	98.2954855145
169.1	97.8074906737
169.2	97.3027769826
169.3	96.7835038099
169.4	96.2485868752
169.5	95.6911720973
169.6	95.1189137152
169.7	94.5317408791
169.8	93.92573828
169.9	93.3006854626
170	92.6618432399
170.1	92.009486439
170.2	91.3389504658
170.3	90.654155869
170.4	89.9574809158
170.5	89.2491791496
170.6	88.5240574056
170.7	87.7881164884
170.8	87.0419508955
170.9	86.2851396647
171	85.5143751019
171.1	84.7346080577
171.2	83.9460304378
171.3	83.1476489348
171.4	82.3379971105
171.5	81.5205569414
171.6	80.6954209144
171.7	79.8611321997
171.8	79.016383887
171.9	78.163388314
172	77.3019193891
172.1	76.4295468718
172.2	75.5452808765
172.3	74.6512510717
172.4	73.7471372652
172.5	72.8299121929
172.6	71.8985455131
172.7	70.9553275276
172.8	69.9998085366
172.9	69.0286459965
173	68.0398833845
173.1	67.0364287447
173.2	66.0179889895
173.3	64.9824625201
173.4	63.9296948317
173.5	62.8658444694
173.6	61.7921347662
173.7	60.7096756995
173.8	59.6182604754
173.9	58.5227093489
174	57.4242651942
174.1	56.3241739339
174.2	55.2245350213
174.3	54.1276965278
174.4	53.0348528258
174.5	51.9472155926
174.6	50.8681189039
174.7	49.8013680253
174.8	48.7492705494
174.9	47.7150814019
175	46.7070598344
175.1	45.7364958258
175.2	44.7998752049
175.3	43.9002241032
175.4	43.0492732019
175.5	42.2619489109
175.6	41.5274313464
175.7	40.8481456763
175.8	40.2470634917
175.9	39.726872947
176	39.2669694843
176.1	38.8650688699
176.2	38.5478648112
176.3	38.2829750419
176.4	38.0657934922
176.5	37.9066866651
176.6	37.8079146551
176.7	37.7504456291
176.8	37.7335745094
176.9	37.7814197937
177	37.8684787126
177.1	37.9932930066
177.2	38.1679575235
177.3	38.3905683983
177.4	38.6472608922
177.5	38.9373133528
177.6	39.2780661296
177.7	39.6476874988
177.8	40.0452113776
177.9	40.4763708454
178	40.9409852045
178.1	41.4287707781
178.2	41.9390965917
178.3	42.4806495557
178.4	43.0438066915
178.5	43.6255095344
178.6	44.2264349093
178.7	44.8525026448
178.8	45.4947991335
178.9	46.153248639
179	46.831379913
179.1	47.5306301825
179.2	48.2455552821
179.3	48.9761547745
179.4	49.7276788706
179.5	50.4980861381
179.6	51.2841585378
179.7	52.0859826597
179.8	52.9100865951
179.9	53.7522593112
180	54.6106957463
180.1	55.4855943926
180.2	56.3843862031
180.3	57.3018335748
180.4	58.23461634
180.5	59.1802761099
180.6	60.1281004017
180.7	61.0625865877
180.8	61.9765789457
180.9	62.8633533334
181	63.6941556143
181.1	64.4662932652
181.2	65.180654424
181.3	65.8344281652
181.4	66.3947895577
181.5	66.8991216956
181.6	67.3487524356
181.7	67.7311054382
181.8	68.0401148933
181.9	68.2965540987
182	68.5005911696
182.1	68.6187651128
182.2	68.6784436204
182.3	68.6824795454
182.4	68.6130033496
182.5	68.4679892191
182.6	68.271094678
182.7	68.0234098381
182.8	67.6989281213
182.9	67.3270388414
183	66.9103103448
183.1	66.4394420013
183.2	65.9086991025
183.3	65.3350572713
183.4	64.7180394514
183.5	64.0381775148
183.6	63.3040456596
183.7	62.5210017433
183.8	61.686789409
183.9	60.7715961635
184	59.7913547686
184.1	58.7441528037
184.2	57.6250025416
184.3	56.4098986171
184.4	55.1298548937
184.5	53.8053223359
184.6	52.4490025063
184.7	51.0744165746
184.8	49.7037044416
184.9	48.3572811967
185	47.0483804207
185.1	45.7892363933
185.2	44.6005790485
185.3	43.5122291522
185.4	42.4991178497
185.5	41.5579940363
185.6	40.6922152938
185.7	39.9220359774
185.8	39.2178684541
185.9	38.579030603
186	38.0227879389
186.1	37.5571708515
186.2	37.1564119422
186.3	36.818688118
186.4	36.5726254807
186.5	36.3862429947
186.6	36.2534312106
186.7	36.1861414969
186.8	36.191751258
186.9	36.2487191121
187	36.3570839871
187.1	36.5436183032
187.2	36.7751626431
187.3	37.0458027707
187.4	37.359462613
187.5	37.7121998055
187.6	38.0872175149
187.7	38.4820120394
187.8	38.897441717
187.9	39.3205067001
188	39.7469368051
188.1	40.1732237466
188.2	40.5890193431
188.3	40.9924334875
188.4	41.3824188378
188.5	41.7524764864
188.6	42.1072406292
188.7	42.4503901326
188.8	42.7818922627
188.9	43.0981497103
189	43.4059904693
189.1	43.7058478073
189.2	43.9960141438
189.3	44.2784006563
189.4	44.5554519002
189.5	44.8274917193
189.6	45.0925005167
189.7	45.3525674196
189.8	45.6073542649
189.9	45.8542409576
190	46.0918271305
190.1	46.3217206986
190.2	46.5435683472
190.3	46.7503425236
190.4	46.9467541123
190.5	47.1325135168
190.6	47.3032293843
190.7	47.4569297771
190.8	47.5971420947
190.9	47.7234513632
191	47.8246001369
191.1	47.9089210132
191.2	47.9761521423
191.3	48.0194715396
191.4	48.0368951556
191.5	48.0352943476
191.6	48.0147819682
191.7	47.9638565837
191.8	47.8952066603
191.9	47.8089901906
192	47.6995533262
192.1	47.5673456078
192.2	47.4180441237
192.3	47.2515216036
192.4	47.0564637853
192.5	46.8439286236
192.6	46.6137796511
192.7	46.3598943429
192.8	46.0826647492
192.9	45.7881828006
193	45.4765913491
193.1	45.1378759901
193.2	44.7825752491
193.3	44.4111141461
193.4	44.0194899994
193.5	43.6063523816
193.6	43.1777222539
193.7	42.7336492629
193.8	42.2664056565
193.9	41.7824101555
194	41.2833030122
194.1	40.7671704779
194.2	40.2287200095
194.3	39.6752028733
194.4	39.1065570751
194.5	38.5177298967
194.6	37.909507061
194.7	37.2858566492
194.8	36.646696433
194.9	35.9846497244
195	35.3061302061
195.1	34.6125594116
195.2	33.9032961849
195.3	33.171612937
195.4	32.4252044193
195.5	31.6640505699
195.6	30.8860540676
195.7	30.0874578377
195.8	29.2740668524
195.9	28.4457889195
196	27.5995882076
196.1	26.7333214269
196.2	25.8517009802
196.3	24.9545429703
196.4	24.0383713985
196.5	23.1013529942
196.6	22.1479355268
196.7	21.178633283
196.8	20.1923980256
196.9	19.1931500406
197	18.187779707
197.1	17.1787324758
197.2	16.1688964372
197.3	15.1644069741
197.4	14.1679850749
197.5	13.1820667045
197.6	12.2100584727
197.7	11.263367826
197.8	10.338786299
197.9	9.43854048709
198	8.5664440725
198.1	7.73946429914
198.2	6.94349543447
198.3	6.17742228009
198.4	5.44371167259
198.5	4.74809452465
198.6	4.07813523327
198.7	3.43326275432
198.8	2.81996644364
198.9	2.23762348587
199	1.67903295433
199.1	1.14400038878
199.2	0.643755865276
199.3	0.167166150677
199.4	-0.28882401925
199.5	-0.722418261526
199.6	-1.12895375441
199.7	-1.51864088002
199.8	-1.89205445307
199.9	-2.24406761373
200	-2.57911130054
200.1	-2.90114573925
200.2	-3.2099578836
200.3	-3.50099885683
200.4	-3.78200506243
200.5	-4.05340261239
200.6	-4.31275706834
200.7	-4.56235676076
200.8	-4.80506074776
200.9	-5.0410472464
201	-5.26831757022
201.1	-5.49126462071
201.2	-5.71024973438
201.3	-5.92484591685
201.4	-6.13660776655
201.5	-6.34645059559
201.6	-6.55447378724
201.7	-6.75944681392
201.8	-6.96243001128
201.9	-7.16337902828
202	-7.36144459098
202.1	-7.55655479534
202.2	-7.74930942412
202.3	-7.93961086885
202.4	-8.1257086208
202.5	-8.3090930622
202.6	-8.48970846451
202.7	-8.66644796789
202.8	-8.83915813802
202.9	-9.00869188674
203	-9.17495928346
203.1	-9.33554614613
203.2	-9.4925012267
203.3	-9.64575440685
203.4	-9.79386329579
203.5	-9.93657336999
203.6	-10.0750664876
203.7	-10.2092445257
203.8	-10.3359385788
203.9	-10.4579142921
204	-10.5750964797
204.1	-10.6856328888
204.2	-10.7892751825
204.3	-10.8875475764
204.4	-10.9802879634
204.5	-11.063513439
204.6	-11.140701835
204.7	-11.2117494055
204.8	-11.2741759624
204.9	-11.3277887635
205	-11.3744706607
205.1	-11.4138988503
205.2	-11.4410891183
205.3	-11.460440184
205.4	-11.4718106299
205.5	-11.4718220512
205.6	-11.4604626223
205.7	-11.4401170711
205.8	-11.4102517334
205.9	-11.3659351366
206	-11.3132235918
206.1	-11.2522732744
206.2	-11.1803869261
206.3	-11.0989194974
206.4	-11.0102664689
206.5	-10.914211895
206.6	-10.8074709328
206.7	-10.6944817482
206.8	-10.575365932
206.9	-10.4480936032
207	-10.3137871949
207.1	-10.1741737833
207.2	-10.0290772406
207.3	-9.8761678977
207.4	-9.71868600595
207.5	-9.55672780289
207.6	-9.38883479563
207.7	-9.21585913713
207.8	-9.03905423375
207.9	-8.85831652075
208	-8.67179999023
208.1	-8.48166310809
208.2	-8.28788850109
208.3	-8.08904414302
208.4	-7.88540884462
208.5	-7.6779902372
208.6	-7.46660790911
208.7	-7.24891084038
208.8	-7.02722293187
208.9	-6.80150608714
209	-6.57021639604
209.1	-6.3334266683
209.2	-6.09232166236
209.3	-5.84679029038
209.4	-5.59384631909
209.5	-5.33622932955
209.6	-5.07387732077
209.7	-4.80509188022
209.8	-4.5295973571
209.9	-4.24891651412
210	-7.8298185419
210.1	-7.47452370496
210.2	-7.11402667573
210.3	-6.74859489812
210.4	-6.37636724019
210.5	-6.00192160723
210.6	-5.62381423681
210.7	-5.24390034034
210.8	-4.86307042108
210.9	-4.48191832753
211	-4.10165173429
211.1	-3.7225178129
211.2	-3.34605160355
211.3	-2.96931543098
211.4	-2.58937113928
211.5	-2.20037362895
211.6	-1.80514219646
211.7	-1.3834776519
211.8	-0.946683716957
211.9	-0.48480906712
212	0.0171090038247
212.1	0.540470784215
212.2	1.11044651058
212.3	1.70851963608
212.4	2.32834688947
212.5	2.99129228786
212.6	3.67051850503
212.7	4.37350440287
212.8	5.10369301522
212.9	5.84694573226
213	6.6121481475
213.1	7.39288127294
213.2	8.18332198854
213.3	8.9908579324
213.4	9.80563852726
213.5	10.6271250416
213.6	11.4574037416
213.7	12.2901487612
213.8	13.1260958483
213.9	13.9661882936
214	14.8087622807
214.1	15.6558326023
214.2	16.5079596678
214.3	17.3634251492
214.4	18.2260544852
214.5	19.0942661
214.6	19.966754018
214.7	20.8497254774
214.8	21.7384453905
214.9	22.6335194134
215	23.5410385804
215.1	24.455176432
215.2	25.3786601247
215.3	26.3157703018
215.4	27.2608558756
215.5	28.2189100323
215.6	29.1915188258
215.7	30.1728410173
215.8	31.1683866918
215.9	32.1732691169
216	33.1841156088
216.1	34.203554487
216.2	35.2266828021
216.3	36.2523668923
216.4	37.2800908551
216.5	38.3069175287
216.6	39.3329077154
216.7	40.3534978448
216.8	41.3695304326
216.9	42.3807406625
217	43.3792703635
217.1	44.3702586458
217.2	45.3515754373
217.3	46.3172039966
217.4	47.2743091399
217.5	48.2188675861
217.6	49.1476296127
217.7	50.0670809042
217.8	50.9704708174
217.9	51.8583604721
218	52.7360704231
218.1	53.593126788
218.2	54.4355837537
218.3	55.266921401
218.4	56.0716472742
218.5	56.8635404286
218.6	57.6395689024
218.7	58.3888008533
218.8	59.124421539
218.9	59.8373801079
219	60.5267517756
219.1	61.2032223179
219.2	61.8559140396
219.3	62.4960794929
219.4	63.126258275
219.5	63.7394302532
219.6	64.3471905177
219.7	64.9469136673
219.8	65.5401233562
219.9	66.1307912021
220	66.7182998801
220.1	67.3061055595
220.2	67.8941163791
220.3	68.4857358862
220.4	69.076240729
220.5	69.6650418788
220.6	70.2428116017
220.7	70.8127755591
220.8	71.3629764527
220.9	71.8912143315
221	72.4049922918
221.1	72.8707105538
221.2	73.3123484832
221.3	73.7173596023
221.4	74.0682458677
221.5	74.3936379282
221.6	74.6665647891
221.7	74.9088288579
221.8	75.1259763184
221.9	75.2977397404
222	75.4530573894
222.1	75.5782650417
222.2	75.6785491011
222.3	75.7652831404
222.4	75.821087449
222.5	75.8658414052
222.6	75.89432003
222.7	75.9049219568
222.8	75.9071351336
222.9	75.8901217157
223	75.8613279729
223.1	75.8210333441
223.2	75.7594092452
223.3	75.6884763586
223.4	75.5981185045
223.5	75.4911632271
223.6	75.3737269623
223.7	75.2280964336
223.8	75.0711757802
223.9	74.8946798404
224	74.6945809927
224.1	74.4821185755
224.2	74.2388183198
224.3	73.9777555919
224.4	73.6976466773
224.5	73.3836426153
224.6	73.0549783129
224.7	72.6976486232
224.8	72.3218000311
224.9	71.9346858082
225	71.5272463402
225.1	71.1150865835
225.2	70.6958498025
225.3	70.2741980248
225.4	69.8528886611
225.5	69.43623605
225.6	69.0276957561
225.7	68.6254416806
225.8	68.2452651715
225.9	67.8770601796
226	67.5302380235
226.1	67.2127844909
226.2	66.9109480823
226.3	66.6462250116
226.4	66.3986012261
226.5	66.1694685513
226.6	65.9660470469
226.7	65.7726252711
226.8	65.5980719364
226.9	65.4352882034
227	65.2801312256
227.1	65.1390193593
227.2	65.0014994754
227.3	64.8700707161
227.4	64.7418986156
227.5	64.6149469765
227.6	64.4876892591
227.7	64.3580282378
227.8	64.2255861068
227.9	64.0847240245
228	63.9390583778
228.1	63.7812711196
228.2	63.6115226373
228.3	63.4330063513
228.4	63.2292161759
228.5	63.0133846866
228.6	62.7752741774
228.7	62.5090889241
228.8	62.2271107097
228.9	61.9014812031
229	61.5531444255
229.1	61.1785455669
229.2	60.7660804785
229.3	60.3373154447
229.4	59.8779725976
229.5	59.395864043
229.6	58.8996130901
229.7	58.3720490836
229.8	57.8324160003
229.9	57.2763888713
230	56.6998028065
230.1	56.1139380275
230.2	55.511381984
230.3	54.8972328894
230.4	54.2757330033
230.5	53.6395867124
230.6	52.9982174312
230.7	52.3503959391
230.8	51.6960392125
230.9	51.0396406745
231	50.3806455213
231.1	49.721982964
231.2	49.0639115515
231.3	48.4099400567
231.4	47.7603530597
231.5	47.1149905532
231.6	46.4813519418
231.7	45.8543309517
231.8	45.2385797188
231.9	44.6385150158
232	44.0477060316
232.1	43.4785587464
232.2	42.925793472
232.3	42.3862127262
232.4	41.8747699351
232.5	41.3740259878
232.6	40.8904460686
232.7	40.4246492331
232.8	39.9678023741
232.9	39.5290701117
233	39.1002084199
233.1	38.6800415465
233.2	38.2747275408
233.3	37.8749421463
233.4	37.4847359516
233.5	37.10253527
233.6	36.7246127146
233.7	36.3553648138
233.8	35.9894522191
233.9	35.6274660118
234	35.2698373403
234.1	34.9137353517
234.2	34.5600851873
234.3	34.2079694537
234.4	33.8568498251
234.5	33.5092444769
234.6	33.1634196928
234.7	32.8205489003
234.8	32.4820852196
234.9	32.1460170318
235	31.8160469447
235.1	31.4903433093
235.2	31.1686423337
235.3	30.8554931034
235.4	30.5463368024
235.5	30.2450103323
235.6	29.9517134756
235.7	29.6631021422
235.8	29.3876004894
235.9	29.1183906282
236	28.8579947394
236.1	28.6107873174
236.2	28.3698078475
236.3	28.1424113129
236.4	27.9228838708
236.5	27.7098390067
236.6	27.5081310055
236.7	27.3104192721
236.8	27.119891611
236.9	26.9349341602
237	26.7529788456
237.1	26.5770611843
237.2	26.4030090973
237.3	26.2315236967
237.4	26.0620621855
237.5	25.8932381562
237.6	25.7249770764
237.7	25.5560713737
237.8	25.3866177919
237.9	25.2143621649
238	25.0404199048
238.1	24.86294446
238.2	24.6810305603
238.3	24.4966205703
238.4	24.3061681243
238.5	24.1140630103
238.6	23.9195631107
238.7	23.7236479102
238.8	23.5274059593
238.9	23.3315203646
239	23.1370463148
239.1	22.9438166943
239.2	22.7550268076
239.3	22.5687061206
239.4	22.3875462347
239.5	22.2125789654
239.6	22.0412144741
239.7	21.8813318911
239.8	21.7271447479
239.9	21.5814658161
240	21.4486777682
240.1	21.3224533258
240.2	21.2125898656
240.3	21.1124289172
240.4	21.0213230519
240.5	20.9421008476
240.6	20.8663423154
240.7	20.7962266328
240.8	20.7272971927
240.9	20.6590695721
241	20.5870300699
241.1	20.5114621037
241.2	20.4298622015
241.3	20.3369023281
241.4	20.2375767677
241.5	20.1193271323
241.6	19.9878409404
241.7	19.8422180166
241.8	19.6677304783
241.9	19.4793289767
242	19.2608764898
242.1	19.0194206435
242.2	18.7632394359
242.3	18.4739386168
242.4	18.1733880497
242.5	17.8542364105
242.6	17.5158895569
242.7	17.1682464185
242.8	16.801657256
242.9	16.4256408674
243	16.0408088639
243.1	15.6426924925
243.2	15.2398779104
243.3	14.8289931763
243.4	14.4127542846
243.5	13.9936361601
243.6	13.5701471566
243.7	13.145567925
243.8	12.7196348196
243.9	12.2907037574
244	11.8599776962
244.1	11.4250334917
244.2	10.9856720024
244.3	10.5434736825
244.4	10.0921616107
244.5	9.63653940055
244.6	9.17415522508
244.7	8.70160712883
244.8	8.2235813719
244.9	7.73308841875
245	7.23282729592
245.1	6.72513822593
245.2	6.19872282155
245.3	5.66371725722
245.4	5.11491442961
245.5	4.54761768428
245.6	3.97011666412
245.7	3.37051057572
245.8	2.75419525305
245.9	2.12574424972
246	1.46958583712
246.1	0.802627317347
246.2	0.120207768136
246.3	-0.582090780741
246.4	-1.29412527313
246.5	-2.02311397977
246.6	-2.76597088556
246.7	-3.51753915712
246.8	-4.28658657269
246.9	-5.06492511147
247	-5.85180889285
247.1	-6.65438198458
247.2	-7.46360290741
247.3	-8.282214339
247.4	-9.11231631064
247.5	-9.94825153146
247.6	-10.7938061559
247.7	-11.6465537945
247.8	-12.5033274114
247.9	-13.3655462557
248	-14.2289322794
248.1	-15.0931704178
248.2	-15.9552589275
248.3	-16.8144570751
248.4	-17.6701476151
248.5	-18.5163591812
248.6	-19.3565043931
248.7	-20.1866732406
248.8	-21.0021450073
248.9	-21.8084184723
249	-22.5959346694
249.1	-23.3658288204
249.2	-24.1235252076
249.3	-24.8509666426
249.4	-25.5605743857
249.5	-26.2513263558
249.6	-26.9047442616
249.7	-27.5396374515
249.8	-28.1435570461
249.9	-28.7132531077
250	-29.2643070355
250.1	-29.7765310939
250.2	-30.2658543693
250.3	-30.735093294
250.4	-31.1660178199
250.5	-31.5812860062
250.6	-31.9691847962
250.7	-32.329898328
250.8	-32.6758886669
250.9	-32.9871059441
251	-33.2812584736
251.1	-33.5553515689
251.2	-33.7989133543
251.3	-34.0289293417
251.4	-34.2302104876
251.5	-34.4106852945
251.6	-34.5758946518
251.7	-34.707002839
251.8	-34.8244821863
251.9	-34.9161559127
252	-34.9786508418
252.1	-35.0251095135
252.2	-35.0230674341
252.3	-34.9972970189
252.4	-34.9366950121
252.5	-34.8239402499
252.6	-34.6847146063
252.7	-34.4791673182
252.8	-34.2275690604
252.9	-33.933372496
253	-33.5480067881
253.1	-33.1216393436
253.2	-32.6195397919
253.3	-32.0488214614
253.4	-31.4382788266
253.5	-30.7443641003
253.6	-30.0068789489
253.7	-29.2277002898
253.8	-28.3744746888
253.9	-27.4888747911
254	-26.5571896655
254.1	-25.5694306524
254.2	-24.5515477243
254.3	-23.4874588401
254.4	-22.378453415
254.5	-21.2410903025
254.6	-20.0599078235
254.7	-18.8369594232
254.8	-17.5844007948
254.9	-16.2874164771
255	-14.944167455
255.1	-13.5678151837
255.2	-12.1480678565
255.3	-10.6727437421
255.4	-9.15960634023
255.5	-7.60700710228
255.6	-5.98348357549
255.7	-4.31574456157
255.8	-2.60202943651
255.9	-0.822995892155
256	1.02347002661
