0 0
0.15 1.26
0.26 -79.63
0.97 -78.92
1.08 1.39
1.19 11.33
1.29 18.02
1.43 19.51
1.59 13.09
1.66 -0.89
1.73 -73.65
1.75 -77.67
1.94 -79.54
2.00 -2.69
2.04 -75.45
2.07 6.17
2.24 16.42
2.39 7.73
2.42 -3.54
2.46 -64.17
2.54 -71.55
2.61 -67.02
2.71 -60.11
2.77 -24.61
2.84 10.99
2.86 15.86
2.98 16.48
3.08 11.37
3.14 -68.10
3.16 -62.69
3.16 -72.97
3.27 -75.06
3.38 -69.66
3.43 -62.53
3.54 28.06
3.59 41.15
3.64 51.32
3.75 54.76
3.82 55.07
3.92 46.17
3.99 31.00
4.10 -20.33
4.11 -25.97
4.19 -27.83
4.27 -21.99
4.34 -14.32
4.34 61.46
4.36 1.59
4.40 67.62
4.44 69.67
4.51 68.14
4.63 70.39
4.78 79.67
4.92 85.05
5.23 88.24
5.47 87.75
5.65 83.82
5.71 71.90
5.83 -32.27
5.86 -38.13
5.97 -42.81
6.12 -36.23
6.15 -28.23
6.18 28.50
6.34 34.31
6.44 35.37
6.58 29.71
6.59 20.72
6.63 -18.48
6.73 -23.48
6.91 -26.22
7.01 -23.10
7.08 -18.13
7.11 -2.98
7.31 5.11
7.56 11.02
7.89 11.30
8.24 7.56
8.45 -2.00
8.66 -16.32
8.85 -21.87
9.08 -24.18
9.61 -24.48
9.78 -19.10
9.97 -7.99
10.07 -2.40
10.22 -0.31
10.36 -0.80
10.46 -3.88
10.52 -12.78
10.76 -69.08
10.79 -75.59
10.86 -79.08
10.97 -75.56
10.99 -67.45
11.01 25.76
11.05 39.70
11.15 49.72
11.27 52.90
11.40 53.39
11.53 52.24
11.65 46.98
11.70 41.76
11.81 39.65
11.89 48.16
11.93 82.68
12.03 91.11
12.31 96.25
12.61 94.67
12.80 89.76
12.94 84.86
13.12 84.39
13.23 90.11
13.29 118.79
13.44 127.42
13.72 136.57
14.12 142.98
14.52 141.38
14.80 137.11
14.89 57.08
15.02 52.51
15.08 58.24
15.11 101.21
15.25 133.87
15.31 140.14
15.52 143.23
15.77 138.83
15.83 131.13
15.92 45.69
15.98 41.24
16.09 41.64
16.13 50.62
16.18 89.36
16.22 106.79
16.24 122.48
16.32 131.01
16.43 135.75
16.60 138.30
16.77 137.18
16.87 133.26
16.94 122.31
17.01 116.88
17.13 115.33
17.40 118.73
17.74 120.70
18.07 118.46
18.61 106.63
19.27 87.10
19.83 67.69
20.01 64.18
20.14 66.96
20.25 74.30
20.33 110.65
20.41 117.23
20.60 120.64
20.77 116.37
20.82 109.11
20.95 102.57
21.10 110.65
21.29 118.39
21.69 128.24
22.06 133.22
22.44 134.09
22.88 129.10
23.18 121.33
23.35 104.17
23.44 45.04
23.50 35.06
23.65 33.28
23.76 39.53
23.85 71.45
23.86 80.86
24.05 85.26
24.25 84.25
24.38 75.68
24.45 61.37
24.45 53.36
24.68 47.36
24.89 54.24
25.06 69.37
25.24 77.24
25.52 80.86
25.80 80.81
26.04 76.43
26.26 66.96
26.55 36.70
26.64 31.49
26.84 30.26
26.99 34.01
27.14 58.13
27.68 62.07
28.29 56.48
28.80 37.69
28.93 20.46
28.99 10.06
29.23 3.10
29.50 1.01
29.93 11.14
29.93 35.06
30.11 148.02
30.16 131.72
30.37 167.15
30.59 177.32
30.84 178.81
31.02 175.68
31.22 173.42
31.36 178.86
31.80 192.24
32.14 196.27
32.46 196.30
32.77 192.65
33.08 179.26
33.12 160.95
33.29 111.11
33.37 102.64
33.57 103.46
33.67 113.39
33.72 137.74
33.77 147.46
33.88 151.31
34.04 149.51
34.08 142.24
34.10 135.95
34.19 131.70
34.28 132.74
34.36 138.89
34.72 142.74
35.02 136.63
35.08 129.80
35.45 124.88
35.91 129.57
36.23 133.30
36.57 128.25
36.67 120.01
36.80 102.01
37.23 94.57
37.37 158.74
37.57 170.61
37.68 175.03
37.99 175.95
38.40 171.98
38.74 173.32
38.96 177.51
39.04 187.13
39.34 192.38
39.65 192.01
39.85 180.72
40.10 151.99
40.29 144.05
40.68 139.66
41.01 139.72
41.36 146.48
41.64 168.52
41.75 174.78
42.08 177.97
42.42 174.66
42.65 172.24
42.92 174.03
43.22 186.86
43.54 200.55
43.95 208.48
44.55 210.85
44.98 205.57
45.14 200.23
45.32 194.35
45.54 191.82
45.95 196.49
46.44 207.65
46.71 213.01
47.18 214.20
47.39 211.13
47.57 204.05
47.62 169.18
47.81 161.56
48.07 160.53
48.28 168.93
48.33 183.10
48.56 186.10
48.75 185.43
48.86 178.80
49.16 80.03
49.30 71.68
49.54 83.33
49.56 92.31
49.76 187.11
49.83 195.54
49.89 198.87
50.02 200.13
50.12 195.33
50.33 202.11
50.41 206.32
50.62 202.92
50.81 207.33
51.05 210.98
51.35 212.14
51.52 204.86
51.57 184.07
51.78 176.68
52.04 180.11
52.27 208.97
52.31 215.02
52.40 217.16
52.48 212.70
52.52 207.06
52.60 206.28
52.67 211.57
52.92 220.15
53.03 217.62
53.15 212.17
53.24 209.00
53.47 211.99
54.04 214.08
54.43 209.92
54.66 160.52
54.86 154.33
55.11 157.65
55.26 197.25
55.41 187.37
55.43 164.85
55.56 134.08
55.64 130.82
55.70 138.71
55.70 172.70
55.83 177.64
55.89 170.81
55.89 71.96
55.90 72.60
55.97 173.79
56.19 184.45
56.48 191.64
56.79 193.40
57.15 192.99
57.30 190.14
57.65 177.17
58.66 70.62
58.71 61.08
58.92 56.16
59.15 65.30
59.22 148.21
59.27 173.51
59.34 178.66
59.41 179.26
59.47 172.84
59.54 154.17
59.62 149.25
59.69 151.05
59.75 166.83
59.86 180.65
60.11 192.15
60.41 198.65
60.77 197.88
61.12 194.08
61.41 191.38
61.69 193.45
62.03 201.02
62.50 198.53
62.57 199.34
62.64 200.70
62.71 202.60
62.79 203.41
62.86 204.50
62.93 205.10
63.00 205.10
63.07 207.00
63.14 207.00
63.21 207.00
63.29 207.00
63.36 207.00
63.43 207.00
63.50 207.00
63.57 207.00
63.64 207.00
63.71 207.00
63.79 207.00
63.86 207.00
63.93 207.00
64.00 207.00
64.07 207.00
64.14 207.00
64.21 207.00
64.29 207.00
64.36 207.00
64.43 207.10
64.50 207.10
64.57 207.10
64.64 207.10
64.71 205.20
64.79 201.40
64.86 197.60
64.93 193.80
65.00 190.00
65.10 187.47
65.20 186.20
65.30 186.30
65.40 188.20
65.50 188.20
65.55 190.10
65.60 192.00
65.65 194.85
65.70 195.80
65.75 195.80
65.80 192.00
65.85 154.03
65.90 121.90
65.95 120.00
66.00 154.10
66.18 188.20
66.35 195.80
66.53 199.60
66.71 203.40
66.88 205.30
67.06 207.20
67.24 209.10
67.41 211.00
67.59 212.90
67.77 214.80
67.94 214.80
68.12 214.80
68.30 214.80
68.47 214.80
68.65 214.80
68.83 214.80
69.00 212.90
69.18 211.00
69.36 211.00
69.53 209.10
69.71 207.30
69.89 203.50
70.06 200.33
70.24 196.38
70.42 189.57
70.59 177.57
70.77 169.40
70.95 169.40
71.12 180.80
71.30 191.15
71.39 198.75
71.48 205.40
71.57 209.20
71.66 213.00
71.75 214.90
71.84 218.70
71.93 220.60
72.02 222.50
72.11 224.40
72.20 226.30
72.29 226.30
72.38 226.30
72.47 228.20
72.56 228.20
72.65 228.20
72.74 229.71
72.83 229.78
72.92 229.80
73.01 229.80
73.10 229.80
73.19 229.80
73.28 229.80
73.37 229.53
73.46 227.93
73.55 227.99
73.64 225.56
73.73 222.84
73.82 222.26
73.91 222.21
74.00 220.30
74.10 216.40
74.19 214.03
74.29 209.75
74.38 203.48
74.48 196.16
74.57 191.50
74.67 189.60
74.76 189.60
74.86 189.60
74.95 191.50
75.05 198.20
75.14 206.80
75.24 211.60
75.33 218.30
75.43 222.10
75.52 225.90
75.62 229.80
75.71 233.60
75.81 236.45
75.90 237.40
76.00 237.40
76.09 237.40
76.19 237.40
76.28 236.64
76.38 234.36
76.47 233.10
76.57 231.60
76.66 229.70
76.76 229.70
76.85 229.70
76.95 231.60
77.04 231.60
77.14 231.60
77.23 233.50
77.33 234.45
77.42 237.40
77.52 241.20
77.61 243.10
77.71 245.00
77.80 245.00
77.90 245.00
77.99 245.00
78.09 245.00
78.18 243.10
78.28 241.10
78.37 239.20
78.47 237.30
78.56 237.30
78.66 237.30
78.75 239.20
78.85 239.20
78.94 241.10
79.04 243.00
79.13 244.90
79.23 243.00
79.32 241.10
79.42 236.83
79.51 223.90
79.61 193.20
79.70 186.23
79.80 202.80
79.89 217.15
79.99 221.90
80.08 225.80
80.18 227.70
80.27 231.50
80.37 233.40
80.46 233.40
80.56 235.30
80.65 235.93
80.75 237.20
80.84 237.20
80.94 237.20
81.03 237.20
81.13 235.30
81.22 235.30
81.32 235.30
81.41 233.40
81.51 233.40
81.60 233.40
81.70 231.40
81.79 229.03
81.89 225.70
81.98 219.52
82.08 215.34
82.17 212.30
82.27 210.40
82.36 210.40
82.46 210.30
82.55 212.30
82.65 213.25
82.74 216.10
82.84 217.05
82.93 219.90
83.03 221.80
83.12 223.70
83.22 225.60
83.31 224.08
83.41 222.56
83.50 220.28
83.56 216.00
83.62 211.82
83.67 207.64
83.73 202.22
83.79 189.70
83.85 184.64
83.90 181.60
83.96 181.60
84.02 185.40
84.08 194.33
84.13 204.50
84.19 212.20
84.25 217.90
84.31 221.70
84.36 223.60
84.42 223.60
84.48 223.60
84.54 223.60
84.59 225.35
84.65 225.70
84.71 224.41
84.77 221.73
84.82 220.10
84.88 220.10
84.94 218.20
85.00 218.20
85.05 216.30
85.11 216.30
85.17 216.30
85.23 216.32
85.28 216.39
85.34 217.62
85.40 218.98
85.46 220.47
85.51 223.19
85.57 225.95
85.63 227.86
85.69 229.70
85.74 229.70
85.80 229.80
86.12 227.90
86.44 224.10
86.76 222.20
87.08 224.10
87.40 226.00
87.72 231.70
88.04 235.60
88.36 237.50
88.68 237.50
89.00 237.50
89.15 234.97
89.30 229.90
89.45 214.70
89.60 176.50
89.75 135.50
89.90 128.80
90.05 130.70
90.20 163.20
90.35 209.00
90.50 241.50
90.65 238.97
90.80 224.30
90.95 220.50
91.10 251.10
91.25 254.90
91.40 254.90
91.55 247.30
91.70 243.50
91.85 243.50
92.00 249.30
92.15 256.90
92.30 256.90
92.45 257.00
92.60 257.00
92.75 257.99
92.90 255.27
93.05 252.01
93.20 246.93
93.35 241.70
93.50 238.99
93.64 234.64
93.77 229.76
93.91 227.04
94.04 224.34
94.18 222.80
94.31 222.80
94.45 220.90
94.58 220.90
94.72 218.30
94.85 218.30
94.99 219.25
95.12 221.80
95.26 222.20
95.39 224.10
95.53 224.18
95.66 226.10
95.80 226.10
95.93 226.16
96.07 224.30
96.20 217.87
96.34 200.70
96.47 184.10
96.61 178.40
96.74 178.50
96.88 199.50
97.01 230.20
97.15 237.52
97.28 241.70
97.42 243.70
97.55 245.60
97.69 245.60
97.82 245.70
97.96 243.80
98.09 241.90
98.23 240.00
98.36 236.20
98.50 234.30
98.63 234.30
98.77 232.44
98.90 232.50
99.01 232.50
99.12 234.90
99.23 223.10
99.34 229.53
99.45 235.93
99.57 240.40
99.68 242.30
99.79 244.20
99.90 244.20
100.01 244.20
100.12 242.30
100.23 240.40
100.34 234.70
100.45 225.10
100.56 210.75
100.67 192.60
100.78 184.90
100.90 186.23
101.01 204.73
101.12 219.40
101.23 230.90
101.34 229.00
101.45 227.10
101.56 221.40
101.67 212.75
101.78 208.00
101.89 204.10
102.00 204.20
102.11 206.10
102.23 210.53
102.34 213.70
102.45 215.70
102.56 217.60
102.67 215.70
102.78 213.80
102.89 208.00
103.00 195.60
103.11 190.80
103.22 187.00
103.33 185.10
103.44 185.10
103.56 185.10
103.67 187.00
103.78 190.87
103.89 194.70
104.00 197.55
104.11 198.50
104.22 198.50
104.33 198.50
104.44 196.60
104.55 193.75
104.66 190.43
104.77 190.00
104.89 190.00
105.00 190.00
105.11 189.00
105.22 189.00
105.33 188.00
105.44 188.00
105.55 187.47
105.66 186.20
105.77 184.93
105.88 184.40
105.99 184.40
106.10 184.40
106.22 187.35
106.33 189.25
106.44 192.17
106.55 196.00
106.66 197.95
106.77 198.00
106.88 198.00
106.99 198.00
107.10 196.73
107.21 195.57
107.32 193.67
107.43 191.45
107.55 188.60
107.66 185.75
107.77 184.17
107.88 181.00
107.99 179.10
108.10 177.20
108.21 175.35
108.32 174.13
108.43 172.23
108.54 170.97
108.65 169.07
108.76 161.50
108.88 159.60
108.99 159.15
109.10 158.70
109.21 158.25
109.32 157.80
109.43 157.80
109.54 157.80
109.65 157.80
109.76 157.80
109.87 159.70
109.98 159.75
110.09 159.80
110.21 159.80
110.32 162.90
110.43 162.90
110.54 161.95
110.65 161.00
110.76 160.53
110.87 159.10
110.98 158.63
111.09 155.30
111.20 151.98
111.31 144.22
111.42 130.60
111.54 120.10
111.65 121.10
111.76 133.93
111.87 147.70
111.98 153.88
112.09 157.83
112.20 159.10
112.38 157.68
112.55 155.78
112.73 152.45
112.90 148.46
113.08 143.90
113.26 141.05
113.43 138.20
113.61 136.30
113.78 136.30
113.96 134.88
114.14 134.40
114.31 135.67
114.49 136.30
114.66 136.93
114.84 138.20
115.02 140.73
115.19 143.90
115.37 147.70
115.54 150.87
115.72 154.35
115.90 157.20
116.07 159.10
116.25 160.53
116.42 161.00
116.60 162.27
116.78 162.90
116.95 162.90
117.13 162.90
117.30 162.90
117.48 162.90
117.66 162.90
117.83 162.43
118.01 161.00
118.18 159.58
118.36 156.06
118.54 145.53
118.71 127.10
118.89 108.33
119.06 97.07
119.24 94.88
119.42 103.90
119.59 122.97
119.77 145.33
119.94 157.20
120.12 163.38
120.30 164.80
120.47 166.70
120.65 165.75
120.82 163.85
121.00 161.95
121.17 160.05
121.34 158.80
121.51 162.00
121.69 164.50
121.86 170.20
122.03 171.15
122.20 172.10
122.37 174.10
122.54 174.10
122.71 174.10
122.89 174.10
123.06 171.25
123.23 168.40
123.40 167.93
123.57 167.45
123.74 164.70
123.91 164.70
124.09 165.65
124.26 166.60
124.43 170.00
124.60 176.10
124.77 181.90
124.94 181.43
125.11 180.95
125.29 178.10
125.46 174.30
125.63 171.45
125.80 168.60
125.97 168.60
126.14 170.55
126.31 172.50
126.49 174.40
126.66 177.25
126.83 180.10
127.00 180.10
127.11 177.25
127.22 174.40
127.33 170.60
127.44 163.00
127.56 162.10
127.67 161.20
127.78 163.10
127.89 166.90
128.00 167.85
128.11 168.80
128.22 170.70
128.33 168.90
128.44 165.10
128.56 161.30
128.67 153.70
128.78 146.10
128.89 138.50
129.00 135.65
129.11 132.80
129.22 134.70
129.33 136.60
129.44 138.50
129.56 142.30
129.67 143.30
129.78 144.30
129.89 144.30
130.00 141.45
130.11 136.70
130.22 127.20
130.33 128.00
130.44 129.10
130.56 132.90
130.67 132.95
130.78 133.00
130.89 131.40
131.00 127.90
131.11 122.20
131.22 116.50
131.33 112.70
131.44 112.70
131.56 114.60
131.67 115.55
131.78 116.50
131.89 116.50
132.00 114.60
132.07 111.75
132.14 108.90
132.21 107.00
132.29 104.15
132.36 101.30
132.43 98.44
132.50 95.58
132.57 95.58
132.64 94.40
132.71 94.40
132.79 94.40
132.86 95.04
132.93 96.31
133.00 97.45
133.07 98.53
133.14 100.10
133.21 100.42
133.29 102.00
133.36 102.00
133.43 102.00
133.50 102.00
133.57 102.00
133.64 100.86
133.71 100.10
133.79 100.10
133.86 98.21
133.93 96.69
134.00 96.31
134.07 94.40
134.14 92.98
134.21 90.60
134.29 88.69
134.36 87.27
134.43 83.74
134.50 80.61
134.57 77.75
134.64 74.61
134.71 70.93
134.79 67.28
134.86 62.05
134.93 56.34
135.00 48.72
135.07 37.30
135.14 16.36
135.21 0.19
135.29 -8.85
135.36 -10.28
135.43 -10.28
135.50 -10.28
135.57 21.70
135.64 55.70
135.71 86.16
135.79 91.87
135.86 95.36
135.93 98.59
136.00 100.73
136.07 102.95
136.14 103.90
136.21 105.17
136.29 105.80
136.36 106.18
136.43 107.70
136.50 107.32
136.57 105.33
136.64 100.10
136.71 92.50
136.79 79.18
136.86 62.05
136.93 46.82
137.00 35.40
137.24 30.64
137.48 29.69
137.72 29.69
137.96 32.35
138.20 60.46
138.44 88.05
138.68 114.35
138.92 118.72
139.16 119.10
139.40 119.10
139.64 122.05
139.88 124.27
140.12 126.48
140.36 128.32
140.60 130.28
140.84 131.87
141.08 134.40
141.32 136.30
141.56 137.82
141.80 139.15
142.04 141.05
142.28 142.00
142.52 142.00
142.76 143.58
143.00 143.90
143.24 143.90
143.48 143.90
143.72 143.90
143.96 143.14
144.20 140.58
144.33 136.93
144.46 126.18
144.59 120.38
144.72 117.24
144.85 116.77
144.98 118.10
145.11 119.43
145.24 122.93
145.37 125.37
145.50 128.00
145.63 128.08
145.76 128.10
145.89 128.17
146.02 127.88
146.15 125.16
146.28 121.93
146.41 116.63
146.54 110.35
146.67 104.58
146.80 98.78
146.93 95.41
147.06 93.51
147.19 91.61
147.32 91.65
147.45 93.09
147.58 94.34
147.71 97.91
147.84 103.53
147.97 112.47
148.10 124.40
148.23 133.44
148.36 136.80
148.49 136.87
148.62 134.97
148.75 125.75
148.88 109.73
149.01 91.60
149.14 86.45
149.27 86.50
149.40 89.79
149.53 104.67
149.66 127.20
149.79 143.70
149.92 147.10
150.05 147.14
150.18 145.25
150.31 139.47
150.44 124.90
150.57 101.89
150.70 81.55
150.73 79.26
150.77 102.40
150.80 136.47
150.84 154.37
150.87 159.59
150.90 162.27
150.94 164.11
150.97 165.30
151.01 165.30
151.04 165.38
151.07 165.40
151.11 165.06
151.14 163.22
151.18 159.70
151.21 153.23
151.24 142.75
151.28 131.27
151.31 122.38
151.35 115.63
151.38 113.90
151.41 113.30
151.45 115.30
151.48 130.27
151.52 156.56
151.55 172.66
151.58 171.60
151.62 168.58
151.65 162.78
151.69 157.45
151.72 154.92
151.75 154.95
151.79 156.61
151.82 158.95
151.86 164.24
151.89 166.50
151.92 167.50
151.96 167.50
151.99 167.03
152.03 166.55
152.06 166.08
152.09 165.60
152.13 163.60
152.16 163.60
152.20 160.75
152.23 159.80
152.26 158.85
152.30 156.00
152.33 154.10
152.37 154.10
152.40 152.20
152.43 149.35
152.47 146.50
152.50 144.60
152.54 144.60
152.57 142.70
152.60 142.70
152.64 140.80
152.67 140.80
152.71 140.80
152.74 140.80
152.77 142.70
152.81 142.70
152.84 142.70
152.88 146.50
152.91 147.45
152.94 148.40
152.98 148.40
153.01 148.40
153.05 148.40
153.08 148.40
153.11 145.55
153.15 142.70
153.18 137.95
153.22 135.10
153.25 132.25
153.28 131.78
153.32 131.30
153.35 131.30
153.39 132.25
153.42 133.20
153.45 135.10
153.49 137.95
153.52 140.80
153.56 139.38
153.59 137.95
153.62 136.98
153.66 136.00
153.69 133.10
153.73 131.20
153.76 126.45
153.79 123.60
153.83 118.85
153.86 116.00
153.90 112.20
153.93 112.20
153.96 111.73
154.00 111.25
154.03 110.78
154.07 110.30
154.10 110.30
154.19 111.25
154.28 112.20
154.37 114.10
154.45 116.00
154.54 117.90
154.63 119.80
154.72 119.80
154.81 120.75
154.90 121.70
154.98 121.70
155.07 121.70
155.16 121.70
155.25 121.70
155.34 119.80
155.43 119.80
155.51 116.95
155.60 114.10
155.69 113.63
155.78 113.15
155.87 112.68
155.96 112.20
156.04 114.10
156.13 116.00
156.22 117.90
156.31 117.90
156.40 119.80
156.49 119.80
156.57 119.80
156.66 119.80
156.75 119.33
156.84 118.85
156.93 114.10
157.02 112.20
157.10 112.10
157.19 114.00
157.28 115.90
157.37 117.80
157.46 117.80
157.55 115.90
157.63 112.10
157.72 104.50
157.81 104.03
157.90 103.55
157.99 103.08
158.08 102.60
158.16 102.60
158.25 103.55
158.34 104.50
158.43 104.50
158.52 104.50
158.61 104.50
158.69 104.50
158.78 106.40
158.87 106.40
158.96 106.40
159.05 106.40
159.14 108.30
159.22 108.30
159.31 108.30
159.40 106.40
159.50 106.40
159.60 106.40
159.70 106.40
159.80 106.40
159.90 104.50
160.00 104.50
160.10 104.50
160.20 102.60
160.30 102.60
160.40 100.70
160.50 98.77
160.60 96.87
160.70 96.87
160.80 94.01
160.90 91.16
161.00 89.26
161.10 86.41
161.20 83.55
161.30 79.75
161.40 75.94
161.50 71.19
161.60 68.34
161.70 66.44
161.80 62.63
161.90 61.21
162.00 59.78
162.10 59.30
162.20 58.82
162.30 56.92
162.40 56.92
162.50 56.92
162.60 57.87
162.70 58.81
162.80 58.81
162.90 60.71
163.00 62.61
163.10 64.51
163.20 68.31
163.30 68.31
163.40 68.30
163.50 70.20
163.60 69.73
163.70 69.25
163.80 68.30
163.90 67.34
164.00 64.49
164.10 62.59
164.20 59.73
164.30 54.98
164.40 52.13
164.46 49.27
164.52 47.37
164.58 42.62
164.64 39.76
164.70 35.01
164.76 32.16
164.82 30.26
164.88 30.25
164.94 28.35
165.00 28.35
165.06 30.25
165.12 32.15
165.18 35.95
165.24 39.75
165.30 43.55
165.36 51.15
165.42 54.94
165.48 55.89
165.54 56.84
165.60 56.84
165.66 54.94
165.72 53.04
165.78 53.03
165.84 53.03
165.90 54.93
165.96 56.83
166.02 56.83
166.08 56.83
166.14 56.82
166.20 56.82
166.26 54.92
166.32 54.91
166.38 53.01
166.44 51.11
166.50 51.11
166.56 51.11
166.62 51.11
166.68 51.10
166.74 51.10
166.80 51.10
166.86 51.10
166.92 54.90
166.98 54.90
167.04 54.89
167.10 60.59
167.16 64.39
167.22 66.29
167.28 68.19
167.34 71.99
167.40 74.84
167.46 77.69
167.52 79.59
167.58 83.38
167.64 85.28
167.70 87.18
167.76 90.98
167.82 90.98
167.88 90.98
167.94 94.78
168.00 94.78
168.06 94.77
168.12 96.67
168.18 96.67
168.24 97.62
168.30 98.57
168.36 98.56
168.42 98.56
168.48 98.56
168.54 98.56
168.60 98.56
168.66 98.56
168.72 98.55
168.78 98.55
168.84 96.65
168.90 96.65
168.96 96.17
169.02 95.69
169.08 95.22
169.14 94.74
169.20 94.74
169.32 92.83
169.44 92.83
169.57 90.93
169.69 90.93
169.81 90.93
169.93 90.92
170.05 89.02
170.17 90.92
170.30 90.92
170.42 90.92
170.54 90.91
170.66 92.81
170.78 92.81
170.90 92.81
171.03 94.71
171.15 92.80
171.27 92.80
171.39 90.90
171.51 88.05
171.63 87.57
171.76 87.09
171.88 84.24
172.00 79.49
172.12 79.48
172.24 77.58
172.36 74.73
172.49 74.25
172.61 73.77
172.73 71.87
172.85 71.87
172.97 71.87
173.09 69.96
173.22 69.96
173.34 69.96
173.46 69.96
173.58 69.96
173.70 69.96
173.82 69.95
173.95 71.85
174.07 71.85
174.19 71.85
174.31 75.65
174.43 77.54
174.55 78.49
174.68 79.44
174.80 81.34
174.92 82.29
175.04 83.24
175.16 85.14
175.28 85.13
175.41 88.69
175.53 90.58
175.65 90.58
175.77 90.57
175.89 90.56
176.01 90.55
176.14 88.64
176.26 88.64
176.38 88.63
176.50 88.62
176.55 86.71
176.59 86.70
176.64 84.80
176.68 84.79
176.73 82.88
176.77 80.97
176.82 80.96
176.86 78.10
176.91 75.23
176.95 73.33
177.00 73.32
177.04 71.41
177.09 68.55
177.13 65.68
177.18 63.77
177.22 60.92
177.27 58.05
177.31 58.04
177.36 56.13
177.40 54.22
177.45 51.36
177.49 48.50
177.54 46.59
177.58 46.58
177.63 44.67
177.67 41.81
177.72 38.94
177.76 38.93
177.81 37.03
177.85 35.12
177.90 35.11
177.94 33.20
177.99 30.34
178.03 29.38
178.08 28.42
178.12 25.56
178.17 25.08
178.21 24.60
178.26 23.64
178.30 22.68
178.35 22.19
178.39 21.71
178.44 21.70
178.48 21.22
178.53 20.74
178.57 20.25
178.62 19.77
178.66 19.76
178.71 19.76
178.75 19.75
178.80 19.74
178.84 20.69
178.89 21.63
178.93 21.62
178.98 23.52
179.02 24.47
179.07 25.41
179.11 29.21
179.16 30.16
179.20 31.10
179.25 34.90
179.29 40.60
179.34 40.60
179.38 40.59
179.43 44.38
179.47 45.33
179.52 46.28
179.56 46.27
179.61 46.27
179.65 46.26
179.70 46.25
179.74 46.24
179.79 46.24
179.83 46.23
179.88 46.22
179.92 44.31
179.97 44.30
180.01 44.30
180.06 44.29
180.10 44.28
180.24 45.23
180.37 46.17
180.51 46.16
180.64 47.11
180.78 48.06
180.91 51.85
181.05 55.65
181.19 56.60
181.32 57.54
181.46 61.34
181.59 61.34
181.73 61.33
181.86 63.22
182.00 63.21
182.14 61.30
182.27 61.30
182.41 61.29
182.54 61.28
182.68 59.38
182.81 63.17
182.95 63.17
183.09 63.16
183.22 66.96
183.36 66.95
183.49 67.90
183.63 68.84
183.76 68.83
183.90 68.35
184.04 67.87
184.17 67.38
184.31 66.90
184.44 63.09
184.58 62.13
184.71 61.17
184.85 61.16
184.99 64.96
185.12 64.96
185.26 64.95
185.39 66.84
185.53 67.79
185.66 68.74
185.80 68.73
185.94 68.73
186.07 68.72
186.21 68.71
186.34 68.70
186.48 66.79
186.61 64.88
186.75 64.87
186.89 61.06
187.02 57.25
187.16 53.43
187.29 49.62
187.43 43.90
187.56 38.18
187.70 33.42
187.84 28.65
187.97 24.84
188.11 24.83
188.24 22.92
188.38 21.01
188.51 21.00
188.65 19.09
188.79 19.08
188.92 19.08
189.06 19.07
189.19 19.06
189.33 20.96
189.46 21.91
189.60 22.85
189.67 24.74
189.74 25.69
189.81 26.64
189.89 28.53
189.96 29.48
190.03 30.42
190.10 32.32
190.17 36.11
190.24 37.06
190.31 38.01
190.38 38.00
190.46 36.09
190.53 36.08
190.60 34.17
190.67 34.17
190.74 34.16
190.81 34.15
190.88 37.95
190.95 37.95
191.03 37.94
191.10 41.73
191.17 41.25
191.24 40.77
191.31 36.00
191.38 28.39
191.45 28.38
191.52 30.28
191.60 32.17
191.67 37.87
191.74 41.67
191.81 43.57
191.88 45.47
191.95 45.46
192.02 46.41
192.09 47.35
192.17 47.34
192.24 45.43
192.31 45.42
192.38 45.42
192.45 45.41
192.52 45.40
192.59 43.49
192.66 43.48
192.74 43.48
192.81 43.47
192.88 43.46
192.95 43.45
193.02 44.40
193.09 45.35
193.16 49.14
193.23 49.14
193.31 49.13
193.38 51.03
193.45 51.03
193.52 51.02
193.59 51.01
193.66 51.00
193.73 49.09
193.80 48.61
193.88 48.13
193.95 45.26
194.02 45.25
194.09 43.34
194.16 41.43
194.23 38.58
194.30 37.62
194.37 36.66
194.45 33.79
194.52 31.88
194.59 31.87
194.66 29.96
194.73 27.10
194.80 26.14
194.87 25.19
194.94 22.32
195.02 21.84
195.09 21.36
195.16 18.49
195.23 18.48
195.30 18.48
195.39 18.47
195.49 18.46
195.58 16.55
195.68 18.45
195.77 18.45
195.87 18.44
195.96 18.43
196.05 19.38
196.15 20.32
196.24 22.21
196.34 22.21
196.43 22.20
196.53 24.10
196.62 25.99
196.71 26.94
196.81 27.88
196.90 29.78
197.00 29.78
197.09 29.77
197.19 31.66
197.28 29.75
197.37 29.74
197.47 28.78
197.56 27.83
197.66 26.39
197.75 24.96
197.85 22.09
197.94 20.19
198.03 17.33
198.13 14.46
198.22 9.70
198.32 6.83
198.41 4.92
198.51 2.06
198.60 1.10
198.69 0.14
198.79 -0.34
198.88 -0.82
198.98 -0.83
199.07 -0.84
199.17 -0.84
199.26 1.05
199.35 2.00
199.45 2.95
199.54 4.84
199.64 6.73
199.73 6.73
199.83 6.72
199.92 6.71
200.01 6.71
200.11 6.70
200.20 6.69
200.30 6.68
200.39 4.77
200.49 4.29
200.58 3.81
200.67 0.95
200.77 -0.96
200.86 -0.97
200.96 -2.88
201.05 -5.74
201.15 -10.51
201.24 -13.38
201.33 -16.23
201.43 -18.14
201.52 -23.86
201.62 -25.30
201.71 -26.74
201.81 -29.59
201.90 -31.50
201.94 -33.41
201.98 -33.42
202.03 -35.33
202.07 -35.34
202.11 -35.35
202.15 -35.36
202.20 -35.36
202.24 -35.37
202.28 -34.43
202.32 -33.48
202.36 -33.49
202.41 -31.59
202.45 -29.69
202.49 -29.70
202.53 -25.90
202.58 -25.91
202.62 -25.91
202.66 -22.12
202.70 -22.13
202.74 -22.13
202.79 -20.23
202.83 -19.29
202.87 -18.34
202.91 -16.45
202.96 -14.55
203.00 -14.56
203.04 -14.56
203.08 -12.67
203.12 -12.68
203.17 -12.68
203.21 -10.78
203.25 -10.80
203.29 -9.85
203.34 -8.90
203.38 -7.01
203.42 -7.01
203.46 -7.02
203.50 -7.03
203.55 -7.03
203.59 -7.04
203.63 -7.05
203.67 -7.06
203.72 -6.11
203.76 -5.17
203.80 -7.07
203.84 -7.08
203.88 -7.09
203.93 -9.00
203.97 -9.01
204.01 -9.01
204.05 -9.02
204.10 -10.93
204.14 -10.94
204.18 -12.85
204.22 -12.86
204.26 -14.77
204.31 -14.78
204.35 -16.69
204.39 -16.70
204.43 -18.60
204.48 -18.61
204.52 -18.61
204.56 -18.62
204.60 -18.63
204.64 -18.64
204.69 -18.64
204.73 -18.65
204.77 -18.66
204.81 -18.66
204.86 -18.67
204.90 -18.68
204.94 -18.68
204.98 -18.69
205.02 -18.70
205.07 -18.71
205.11 -18.71
205.15 -18.72
205.19 -17.78
205.24 -16.83
205.28 -16.84
205.32 -16.85
205.36 -16.85
205.40 -14.96
205.45 -14.97
205.49 -14.02
205.53 -13.07
205.57 -13.08
205.62 -13.09
205.66 -13.09
205.70 -11.20
205.77 -9.31
205.83 -9.31
205.90 -9.32
205.96 -7.42
206.03 -7.43
206.09 -7.43
206.16 -5.54
206.22 -4.59
206.29 -3.65
206.35 -1.75
206.42 -1.76
206.48 -0.82
206.55 0.13
206.61 2.02
206.68 2.02
206.74 2.01
206.81 3.91
206.87 3.90
206.94 3.90
207.00 3.89
207.07 1.98
207.13 1.97
207.20 1.96
207.26 0.05
207.33 -1.86
207.39 -1.87
207.46 -3.78
207.52 -3.79
207.59 -5.70
207.65 -5.70
207.72 -5.71
207.78 -5.72
207.85 -5.73
207.91 -5.73
207.98 -5.74
208.04 -5.75
208.11 -5.75
208.17 -5.76
208.24 -3.86
208.30 -2.92
208.37 -1.97
208.43 -1.98
208.50 1.82
208.56 2.76
208.63 3.71
208.69 5.60
208.76 6.55
208.82 7.50
208.89 9.39
208.95 13.19
209.02 13.19
209.08 13.18
209.15 16.97
209.21 16.97
209.28 16.96
209.34 20.76
209.41 21.71
209.47 22.65
209.54 24.55
209.60 26.44
209.76 27.39
209.92 28.34
210.08 30.23
210.23 31.18
210.39 32.12
210.55 34.02
210.71 34.97
210.87 35.91
211.03 37.80
211.19 39.70
211.34 40.65
211.50 41.59
211.66 43.48
211.82 44.43
211.98 45.38
212.14 47.27
212.30 49.16
212.45 50.11
212.61 51.06
212.77 51.05
212.93 52.00
213.09 52.94
213.25 54.83
213.41 55.78
213.56 56.73
213.72 58.62
213.88 60.51
214.04 60.51
214.20 60.50
214.36 62.40
214.52 62.40
214.67 62.39
214.83 64.28
214.99 64.28
215.15 64.27
215.31 68.07
215.47 68.06
215.63 68.06
215.78 68.05
215.94 69.51
216.10 69.08
216.26 69.08
216.42 69.09
216.58 69.09
216.74 70.99
216.89 70.99
217.05 71.00
217.21 71.00
217.37 71.01
217.53 71.01
217.69 71.02
217.85 71.02
218.00 71.03
218.16 71.03
218.32 71.04
218.48 71.04
218.64 71.05
218.80 71.05
218.96 71.05
219.11 71.06
219.27 70.12
219.43 69.17
219.59 67.29
219.75 65.40
219.91 64.46
220.07 63.51
220.22 61.63
220.38 59.74
220.54 57.85
220.70 54.07
220.78 46.51
220.87 38.94
220.95 31.37
221.04 31.37
221.12 25.70
221.20 23.82
221.29 23.82
221.37 23.82
221.45 26.67
221.54 31.40
221.62 40.88
221.71 52.23
221.79 59.81
221.87 63.60
221.96 65.49
222.04 68.34
222.12 69.29
222.21 71.19
222.29 71.19
222.38 71.20
222.46 73.09
222.54 71.21
222.63 71.21
222.71 70.27
222.79 69.33
222.88 67.44
222.96 66.50
223.05 65.55
223.13 63.67
223.21 61.78
223.30 61.78
223.38 58.95
223.46 56.11
223.55 52.33
223.63 46.66
223.72 44.77
223.80 42.88
223.88 35.32
223.97 35.32
224.05 31.54
224.13 29.66
224.22 27.77
224.30 25.88
224.39 25.88
224.47 25.89
224.55 25.89
224.64 26.85
224.72 31.58
224.80 35.37
224.89 42.00
224.97 48.63
225.06 54.31
225.14 58.10
225.22 60.00
225.31 61.90
225.39 63.79
225.47 63.80
225.56 63.80
225.64 63.81
225.73 63.81
225.81 63.81
225.89 63.82
225.98 61.93
226.06 61.93
226.14 60.05
226.23 58.16
226.31 56.27
226.40 54.38
226.48 52.50
226.56 52.50
226.65 49.67
226.73 46.83
226.81 44.94
226.90 37.38
226.98 36.44
227.07 35.49
227.15 22.25
227.23 22.25
227.32 1.44
227.40 1.45
227.54 -23.15
227.68 -23.15
227.81 -26.93
227.95 -30.71
228.09 -32.60
228.23 -32.60
228.37 -30.70
228.50 -28.80
228.64 -17.44
228.78 3.38
228.92 15.69
229.06 28.00
229.19 32.74
229.33 35.58
229.47 37.47
229.61 39.37
229.75 41.27
229.88 42.22
230.02 43.17
230.16 43.17
230.30 43.18
230.44 43.18
230.57 43.19
230.71 43.19
230.85 43.20
230.99 41.31
231.13 41.31
231.26 41.32
231.40 41.32
231.54 41.33
231.68 39.44
231.82 39.45
231.95 39.45
232.09 39.45
232.23 39.46
232.37 38.52
232.51 37.58
232.64 37.58
232.78 35.69
232.92 35.70
233.06 33.81
233.20 31.92
233.33 31.92
233.47 26.25
233.61 24.37
233.75 22.48
233.89 20.59
234.02 16.81
234.16 12.08
234.30 7.35
234.49 4.52
234.67 1.68
234.86 -2.10
235.04 -3.04
235.23 -3.98
235.41 -3.98
235.60 -3.97
235.78 -3.97
235.97 -3.96
236.15 -1.12
236.34 3.62
236.52 10.25
236.71 18.77
236.89 24.46
237.08 28.24
237.26 30.14
237.45 30.15
237.63 30.15
237.82 30.16
238.00 29.21
238.19 28.27
238.37 28.27
238.56 20.71
238.74 20.71
238.93 7.47
239.11 4.63
239.30 1.80
239.48 -3.87
239.67 -3.87
239.85 -3.86
240.04 0.87
240.22 7.50
240.41 15.08
240.59 23.60
240.78 26.44
240.96 26.45
241.15 24.56
241.33 22.67
241.52 20.78
241.70 17.00
241.73 15.12
241.76 15.12
241.79 15.12
241.82 17.02
241.86 18.92
241.89 20.82
241.92 22.71
241.95 23.67
241.98 23.20
242.01 22.73
242.04 20.84
242.07 18.01
242.10 15.17
242.13 13.28
242.17 12.34
242.20 11.40
242.23 11.40
242.26 11.41
242.29 11.41
242.32 11.41
242.35 12.37
242.38 13.32
242.41 16.16
242.44 19.01
242.48 19.96
242.51 20.91
242.54 19.97
242.57 19.02
242.60 19.03
242.63 13.36
242.66 12.42
242.69 11.47
242.72 2.01
242.75 2.02
242.79 -1.76
242.82 -2.71
242.85 -3.65
242.88 -5.53
242.91 -5.53
242.94 -5.53
242.97 -5.52
243.00 -5.52
243.03 -5.51
243.06 -5.51
243.10 -5.50
243.13 -5.50
243.16 -3.60
243.19 -1.70
243.22 -1.70
243.25 0.20
243.28 2.10
243.31 3.99
243.34 4.00
243.37 5.90
243.41 5.90
243.44 5.90
243.47 5.91
243.50 5.91
243.53 5.92
243.56 4.98
243.59 4.03
243.62 4.04
243.65 3.10
243.68 2.15
243.72 0.27
243.75 0.27
243.78 0.27
243.81 -1.61
243.84 -3.50
243.87 -3.49
243.90 -5.38
243.93 -5.38
243.96 -6.32
243.99 -7.26
244.03 -9.15
244.06 -11.04
244.09 -11.98
244.12 -12.92
244.15 -14.81
244.18 -15.75
244.21 -16.69
244.24 -18.58
244.27 -19.53
244.30 -20.47
244.34 -24.24
244.37 -26.13
244.40 -27.08
244.43 -28.02
244.46 -29.90
244.49 -31.79
244.52 -33.68
244.55 -35.57
244.58 -37.45
244.61 -37.45
244.65 -40.29
244.68 -43.12
244.71 -45.01
244.74 -48.79
244.77 -49.73
244.80 -50.67
